Accuracy,Confidence,ConfidenceRT,Corruption,Criterion,DecisionRT,Modality,Slope,Subject,TaskDuration,Threshold,Threshold_UpDown,dPrime
76.27118644067797,43.52542372881356,1.0748723996803164,0.30000000000000004,0.4138946876873604,2.098430400248617,Intero,8.11915181459257,sub_0019,22.978581142425536,6.575888194065048,,1.73531375571448
86.4406779661017,50.94915254237288,0.8477630997076631,0.16666666666666663,0.07167502526754216,2.2460290999151766,Extero,7.368705151371689,sub_0019,22.978581142425536,1.6902947849825714,,2.0781931827384863
46.55172413793103,52.41379310344828,1.0889744500163943,0.30000000000000004,-0.7848751240821876,1.9737363000167534,Intero,10.305163623032596,sub_0022,21.012230757872263,-29.489107828220742,,1.196238006036901
89.83050847457628,54.86440677966102,0.7683409000746906,0.23333333333333328,-0.3598468202773679,2.0496696999762207,Extero,,sub_0022,21.012230757872263,,,2.8179564364826772
66.66666666666666,68.33333333333333,0.7789694000966847,0.33333333333333337,-0.5764040198444038,2.01598554989323,Intero,9.548980700947324,sub_0023,21.67438073158264,-12.944477638582935,,1.7776595456822384
88.13559322033898,68.2542372881356,0.6831068000756204,0.19999999999999996,0.11593831129686905,1.7817172999493778,Extero,8.101404956793356,sub_0023,21.67438073158264,5.103926382451795,,2.2518569610929022
66.66666666666666,65.55,0.7721681500042905,0.1333333333333333,0.2566540432178813,3.149351700005354,Intero,21.98334078668384,sub_0024,24.741824638843536,4.813948675369835,,0.9593237483164962
86.66666666666667,78.53333333333333,0.7218116500007454,0.19999999999999996,-0.0,2.2324659500009147,Extero,6.6050653907394254,sub_0024,24.741824638843536,2.7640467896176872,,2.2215432332735707
51.724137931034484,62.01724137931034,0.7856614499760326,0.09999999999999998,-0.7147149259355825,2.2988516000041272,Intero,11.690810683354854,sub_0025,21.70113205909729,-24.21137151709096,,1.3365584023301111
83.33333333333334,68.08333333333333,0.756225400022231,0.1333333333333333,-0.37378894128655754,1.9497966500057373,Extero,11.400357351889939,sub_0025,21.70113205909729,-6.479038988234702,,2.144629303263235
83.33333333333334,67.23728813559322,1.2194618000066841,0.033333333333333326,-0.09021198242963263,1.8491406999819449,Intero,15.624781095825947,sub_0026,21.228063261508943,-3.9701476403464095,,1.9547170828970173
86.66666666666667,61.28333333333333,0.9851638499822002,0.19999999999999996,-0.09534179331099069,1.8823498499696143,Extero,5.764769576327058,sub_0026,21.228063261508943,-2.4948754873959365,,2.250597111072718
84.7457627118644,50.08474576271186,1.2037297000642866,0.2666666666666667,-0.21077879335608551,2.5667692000279203,Intero,,sub_0027,23.611407033602397,,,2.019723110982528
86.20689655172413,54.3448275862069,1.148632849974092,0.1333333333333333,0.19862540896876246,2.9988095000153407,Extero,5.304860258671723,sub_0027,23.611407033602397,1.034174215606856,,2.1270395353080906
86.66666666666667,86.81666666666666,0.8593938000003618,0.4,-0.6170250753531251,1.640980750000381,Intero,14.441185795126188,sub_0028,19.93934121131897,-9.32734909958182,,2.8041222504600345
86.66666666666667,91.3,0.8069170999997368,0.1333333333333333,-0.11593831129686927,1.7899396499997238,Extero,10.98713115973808,sub_0028,19.93934121131897,-3.55874875199077,,2.2518569610929027
55.00000000000001,20.6,0.8962362999991456,0.16666666666666663,-0.691497063550319,2.281089849999262,Intero,11.255731161759119,sub_0031,22.08697981039683,-17.786959248707188,,1.382994127100638
87.93103448275862,60.05172413793103,0.8265707999998995,0.23333333333333328,-0.13648827464108648,1.8663492999985465,Extero,9.34841744685306,sub_0031,22.08697981039683,-0.9861637770457172,,2.2513138039634435
81.81818181818183,65.21818181818182,0.6787316000554711,0.06666666666666665,0.04834852837420539,2.5034104001242667,Intero,13.871135066280214,sub_0032,20.856122334798176,2.4550965034553487,,1.6948625810187679
90.0,60.483333333333334,0.6492530000396073,0.16666666666666663,-0.2141335888240855,1.632678750087507,Extero,8.732263311411122,sub_0032,20.856122334798176,-2.8569670981025164,,2.607591141540385
76.47058823529412,64.64,0.7432818501256406,0.33333333333333337,-0.2804467912631148,2.6826007002964616,Intero,,sub_0034,21.174915846188863,,,1.7398051782257862
82.75862068965517,94.70175438596492,0.5657946001738311,0.16666666666666663,-0.1443576301009178,1.9650118998251855,Extero,9.2243570123525,sub_0034,21.174915846188863,-4.9055648931461375,,2.0119835005501803
69.49152542372882,27.847457627118644,0.9935067002661526,0.19999999999999996,-0.7355790941661552,2.21489920001477,Intero,11.736970764232554,sub_0035,21.082959389686586,-14.357731878674608,,2.0664918887051025
73.33333333333333,67.9,0.8619943999219686,0.06666666666666665,-0.2913355996619552,2.031499749980867,Extero,14.283620661737325,sub_0035,21.082959389686586,-8.180129386398269,,1.4901955796636692
83.33333333333334,59.31666666666667,0.8959125999826938,0.3666666666666667,-0.3091422266571255,2.34036134975031,Intero,13.825835864065885,sub_0037,26.43092597723007,-11.443949123969464,,2.147703800887025
89.65517241379311,73.41379310344827,0.7082777498289943,0.1333333333333333,-0.0,2.1743507001083344,Extero,10.685914520390645,sub_0037,26.43092597723007,-2.468251889404586,,2.2215432332735707
59.32203389830508,62.67796610169491,0.9253564001992344,0.1333333333333333,-0.621641914109388,2.4969490999355908,Intero,,sub_0038,21.531326882044475,,,1.5227044259825002
85.0,62.766666666666666,0.9239283502101898,0.30000000000000004,-0.17736011641222232,1.9571136499289423,Extero,,sub_0038,21.531326882044475,,,2.1290133508621967
84.7457627118644,48.74576271186441,1.6592919998802245,0.2666666666666667,-0.2606800034632329,3.115179699845612,Intero,,sub_0039,29.609937357902528,,,2.2446282472748105
84.7457627118644,66.94915254237289,1.6098476997576654,0.19999999999999996,-0.1345751915319356,2.232899900060147,Extero,7.4611106293287675,sub_0039,29.609937357902528,1.6977377559528446,,1.9523928502096997
62.71186440677966,71.77966101694915,0.6349867000244558,0.2666666666666667,-0.8741120879455448,1.6151152000529692,Intero,10.38504228045394,sub_0042,19.59485631386439,-15.358849715639545,,1.857262005587292
88.33333333333333,71.71666666666667,0.6543781499494798,0.2666666666666667,-0.18847273715443835,1.8320924999425183,Extero,9.80597371981373,sub_0042,19.59485631386439,-2.7268082403106435,,2.475208270236818
74.57627118644068,56.50847457627118,1.1605793000198898,0.2666666666666667,-0.3343489589153796,2.8156832000240684,Intero,16.62867498134763,sub_0044,23.096093841393788,-9.662638755841575,,1.5799785453065178
88.13559322033898,67.11864406779661,0.8460841001942754,0.19999999999999996,-0.0853899744539075,2.4333665003068745,Extero,8.004567988513214,sub_0044,23.096093841393788,0.4365712893977445,,2.3923231821813857
88.33333333333333,89.68333333333334,0.5762979499995708,0.19999999999999996,0.4199627734357179,1.5227651000022888,Intero,,sub_0045,19.522910769780477,,,2.6977245301659774
86.66666666666667,86.61666666666666,0.5523567001800984,0.19999999999999996,0.2282682597414974,1.6155450500082225,Extero,3.7627663663083433,sub_0045,19.522910769780477,2.5658348727067875,,2.353606601136271
78.33333333333333,92.18333333333334,0.5139660499844467,0.16666666666666663,-0.4137738265096507,2.8820107500068843,Intero,13.139044356196067,sub_0046,21.943094277381896,-9.502905612815354,,1.8919271148579098
74.57627118644068,95.20338983050847,0.5138147000106983,0.19999999999999996,-0.08006216360157498,2.0656287999881897,Extero,18.864017194319786,sub_0046,21.943094277381896,-6.975048711942887,,1.3692950203696244
52.63157894736842,42.01754385964912,1.507343800039962,0.5333333333333333,-0.9094307277826056,2.947080499958247,Intero,22.604860868045954,sub_0047,22.753128425280252,-26.48885453016836,,1.562381803604586
91.66666666666666,68.13333333333334,1.0482747501228005,0.06666666666666665,-0.39758067177175505,1.9813218999188393,Extero,7.009289403143088,sub_0047,22.753128425280252,-4.788151716732332,,2.9303023912997928
47.45762711864407,44.32203389830509,0.6420066000428051,0.1333333333333333,-0.8398466894788758,1.9325338000198824,Intero,6.5211335446403575,sub_0049,20.16815377473831,-23.17734338976038,,1.2507742064132945
86.4406779661017,54.74576271186441,0.6691240000072867,0.2666666666666667,0.02065781314952575,1.549749600002542,Extero,13.14616055062343,sub_0049,20.16815377473831,-0.06888637529586875,,2.220639590191265
49.152542372881356,42.016949152542374,0.9803116000257432,0.16666666666666663,-0.7613522129912501,2.416287800297141,Intero,9.739403232012863,sub_0050,25.65422645409902,-33.88791511982027,,1.243283828218776
81.35593220338984,67.66101694915254,0.8716753995977342,0.1333333333333333,0.09597039856815298,1.9811741998419168,Extero,18.480551426791376,sub_0050,25.65422645409902,6.104644438442099,,1.6973983856526456
85.45454545454545,52.836363636363636,1.2438881997950375,0.16666666666666663,0.5069694966075378,3.115078500006348,Intero,5.483796885362077,sub_0052,22.566079521179198,6.150932976708168,,2.3228433946790834
86.4406779661017,71.27118644067797,0.9290995001792908,0.16666666666666663,-0.134740105329827,2.0642711999826133,Extero,5.721699329691316,sub_0052,22.566079521179198,-2.0585590183365983,,2.1272791939541955
49.122807017543856,56.50877192982456,0.9601019998081028,0.19999999999999996,-0.737982987830856,2.165921800304204,Intero,8.883209297964086,sub_0056,22.466359611352285,-18.116696498116507,,1.290022278539564
85.0,68.42372881355932,0.8126191999763249,0.23333333333333328,-0.0502466773027358,2.2156545501202345,Extero,8.554572303071486,sub_0056,22.466359611352285,-1.4442166413197322,,2.078830609286742
85.96491228070175,31.719298245614034,1.1238503998611122,0.30000000000000004,-0.474016475093163,2.4814842001069337,Intero,10.173566747106992,sub_0057,26.706342836221058,-7.9474238403813375,,2.589617126851087
89.65517241379311,42.39655172413793,0.9537928500212729,0.19999999999999996,0.02065781314952575,2.208351999986917,Extero,,sub_0057,26.706342836221058,,,2.220639590191265
51.78571428571429,51.44642857142857,1.3467263499042017,0.23333333333333328,-0.691497063550319,3.6836153001058847,Intero,12.906381263874742,sub_0058,24.311543528238932,-19.32101198883431,,1.382994127100638
88.33333333333333,55.75,1.1111490500625223,0.23333333333333328,-0.22762181171797047,2.6720300499582663,Extero,5.0468213847171866,sub_0058,24.311543528238932,-1.9606343304781748,,2.475223961935105
89.83050847457628,47.08474576271186,0.7024373000022024,0.23333333333333328,-0.24718561603033073,2.132652899992536,Intero,7.739687504224044,sub_0059,20.962564253807066,-2.7440750085344905,,2.472708486741932
93.33333333333333,41.55,0.6252831500023603,0.33333333333333337,0.08707397948697082,1.8828576000014436,Extero,2.9835734729408854,sub_0059,20.962564253807066,1.3709178331542962,,2.9842910795932074
84.21052631578947,64.59649122807018,1.2400310002267358,0.2666666666666667,-0.5236513772681817,3.047162999864668,Intero,12.645063655990047,sub_0060,23.01747019290924,-10.44378420881128,,2.4903473225010497
88.33333333333333,49.733333333333334,0.9928270999807864,0.16666666666666663,0.045758705733656146,2.815447699977085,Extero,4.470861365366684,sub_0060,23.01747019290924,2.4312010283103342,,2.392216172219328
61.016949152542374,63.327586206896555,1.0239843998569995,0.2666666666666667,-0.6494692232752131,2.2483136001974344,Intero,7.206309298242522,sub_0061,22.16688975493113,-12.954501895959135,,1.63152913882062
78.33333333333333,54.1,0.83606755011715,0.3666666666666667,-0.14767283910400497,2.0836722501553595,Extero,11.48679978373424,sub_0061,22.16688975493113,-1.1733684818774837,,1.5939935045809415
70.17543859649122,59.78947368421053,0.8628956996835768,0.06666666666666665,-0.28620986408278104,3.4492269000038505,Intero,,sub_0063,23.138032126426697,,,1.2444960089092085
86.66666666666667,52.733333333333334,0.7578714000992477,0.1333333333333333,0.13648827464108626,2.9572632499039173,Extero,6.728707612541489,sub_0063,23.138032126426697,1.8579529450484016,,2.251313803963443
90.0,47.78333333333333,0.9494184500072151,0.09999999999999998,-0.23327501023720243,2.5245699499500915,Intero,,sub_0064,24.749340959390004,,,2.6016910682306875
86.4406779661017,42.03389830508475,0.7133029000833631,0.1333333333333333,0.13648827464108626,2.5323285998310894,Extero,6.486619946809611,sub_0064,24.749340959390004,1.4592748239247209,,2.251313803963443
52.63157894736842,64.0,0.93941880017519,0.23333333333333328,-0.7444417168080711,2.3637137999758124,Intero,11.278837381069767,sub_0065,20.722947812080385,-16.96306694654517,,1.4415841517549037
80.0,58.666666666666664,0.8554801000282168,0.3666666666666667,-0.17294154226376796,1.7478692999575287,Extero,11.47649098447336,sub_0065,20.722947812080385,-1.9244117411215949,,1.7429345052176561
52.54237288135594,61.47457627118644,1.3948708000825718,0.33333333333333337,-0.7147149259355825,2.3824096999596804,Intero,12.600654124830205,sub_0066,21.95835353930791,-22.655016741686826,,1.3365584023301111
86.66666666666667,58.38333333333333,1.0424354000133462,0.19999999999999996,-0.02065781314952564,2.1507842499413528,Extero,6.369096853026319,sub_0066,21.95835353930791,-0.19896343279447626,,2.2206395901912654
81.81818181818183,64.05454545454545,1.1061897999607029,0.33333333333333337,0.024315842478252914,2.9658049000427127,Intero,9.787781953761675,sub_0068,23.29554431438446,2.9979299630113028,,1.6902158616212664
90.0,60.983333333333334,1.146056050201878,0.1333333333333333,0.15744220615475757,2.2080524002667525,Extero,,sub_0068,23.29554431438446,,,2.615583173061531
87.71929824561403,56.56140350877193,1.344883400015533,0.16666666666666663,0.3654055325715635,2.8480901999864727,Intero,7.902450706197947,sub_0070,23.815946702162424,3.619562878889733,,2.2362686536594665
86.66666666666667,53.916666666666664,1.1138809499680065,0.23333333333333328,0.13648827464108626,2.4065177000011317,Extero,,sub_0070,23.815946702162424,,,2.251313803963443
86.66666666666667,52.53333333333333,0.7396709500462748,0.16666666666666663,-0.2890436168333235,2.0246277500409633,Intero,9.150076573442325,sub_0071,19.983575570583344,-4.895668721783716,,2.352380351704399
91.66666666666666,67.68333333333334,0.5533109500538558,0.2666666666666667,-0.09169321301893651,1.7317678999970667,Extero,,sub_0071,19.983575570583344,,,2.7836932927647204
57.6271186440678,61.610169491525426,0.9491166999796404,0.23333333333333328,-0.6450111392697822,2.598713300016243,Intero,10.230654144912258,sub_0072,21.336179570357004,-21.195270409023454,,1.4759659756617118
88.33333333333333,69.81666666666666,0.8579596500203479,0.23333333333333328,-0.22762181171797047,1.916108000004897,Extero,,sub_0072,21.336179570357004,,,2.475223961935105
61.66666666666667,48.05,0.936777399852872,0.19999999999999996,-0.7350170232685853,2.8989955000579353,Intero,6.5795152561211525,sub_0073,22.000489072004953,-10.1088514760289,,1.7164035895089294
83.05084745762711,60.067796610169495,0.7898492999374866,0.33333333333333337,-0.28735066703085677,2.146787599660456,Extero,5.902489472983,sub_0073,22.000489072004953,-2.375849168001886,,2.1447734338154976
63.63636363636363,57.074074074074076,0.9042979000369087,0.6666666666666667,-0.3262514036500609,2.999089099932462,Intero,19.980353852873343,sub_0074,26.745238137245178,-9.176068120443183,,1.0307396598457068
86.4406779661017,74.76271186440678,0.73122139996849,0.19999999999999996,0.02065781314952575,2.448381399968639,Extero,6.048271818692157,sub_0074,26.745238137245178,0.6476910241750646,,2.220639590191265
61.81818181818181,71.36363636363636,1.154394599958323,0.19999999999999996,-0.7871768557560374,3.199491099920124,Intero,,sub_0076,22.291156419118245,,,1.888975080732416
81.35593220338984,47.88135593220339,1.096568199922331,0.033333333333333326,0.16846659384396867,2.315797399962321,Extero,9.008492340033378,sub_0076,22.291156419118245,0.6890991090500637,,1.8423907762042768
57.6271186440678,44.69491525423729,1.544792499975301,0.2666666666666667,-0.6450111392697822,2.3987514000618835,Intero,9.777674045731764,sub_0079,22.662237854798637,-25.016491469601906,,1.4759659756617118
88.13559322033898,50.44827586206897,1.1803761000046507,0.23333333333333328,-0.11593831129686927,1.915371499955654,Extero,12.37326577322855,sub_0079,22.662237854798637,-3.0683299974027687,,2.2518569610929027
79.66101694915254,39.94915254237288,1.0998172000981867,0.16666666666666663,-0.2614039028616521,2.718804399948567,Intero,8.007795261688969,sub_0080,22.235619433720906,-4.733619917674316,,1.8271657784088764
90.0,57.266666666666666,0.8960779500193894,0.1333333333333333,0.1385773741933466,2.0391585999168456,Extero,6.880568483526107,sub_0080,22.235619433720906,2.736765627950517,,2.6150524374496573
50.0,42.741379310344826,2.0405376000562687,0.19999999999999996,-0.737982987830856,2.866715599957388,Intero,9.801697495304033,sub_0081,23.671486727396648,-20.58477929716093,,1.290022278539564
66.66666666666666,44.775862068965516,2.1925853000138886,0.0,-0.5260607776871093,1.7824071000213735,Extero,23.23946666478443,sub_0081,23.671486727396648,-15.707955229368613,,1.7138666988270574
63.793103448275865,56.793103448275865,0.6576797501184046,0.2666666666666667,0.6494692232752131,2.5233754999935627,Intero,13.418642235136677,sub_0082,22.2716188232104,15.456212387072823,,1.63152913882062
72.88135593220339,45.30508474576271,0.8322077998891473,0.23333333333333328,0.7074561334268976,2.514268500264734,Extero,5.472780396213837,sub_0082,22.2716188232104,5.8812918865427015,,2.122737810183618
58.18181818181818,45.111111111111114,1.9242940000258386,0.23333333333333328,-0.8069063269077452,2.980243700090796,Intero,9.589102730763466,sub_0083,23.32470879952113,-16.046718105729802,,1.7674306053543067
78.33333333333333,71.05,0.9419098997022957,0.1333333333333333,0.19558600757700573,1.765716949943453,Extero,17.903835583334715,sub_0083,23.32470879952113,7.523062110763309,,1.6489804504183914
57.6271186440678,50.03389830508475,0.8963677003048359,0.19999999999999996,-0.6450111392697822,2.566654599737376,Intero,,sub_0085,23.565277302265166,,,1.4759659756617118
83.33333333333334,54.266666666666666,1.074889849871397,0.06666666666666665,0.13457519153193553,2.4478063001297414,Extero,12.514404939249735,sub_0085,23.565277302265166,-2.7181420685488766,,1.9523928502096997
87.71929824561403,52.473684210526315,1.1221489000017757,0.16666666666666663,-0.4199627734357179,2.599667400005273,Intero,9.353764832570489,sub_0087,21.985606678326924,-6.0405730898898495,,2.6977245301659774
85.0,49.15,0.9054973000020254,0.19999999999999996,0.21996516598584304,2.0151722000155132,Extero,8.445873889955104,sub_0087,21.985606678326924,6.185484508907182,,2.1231727991175147
83.05084745762711,51.644067796610166,0.9932312000310048,0.16666666666666663,-0.09021198242963263,2.16697409999324,Intero,11.917855978061473,sub_0090,24.931820531686146,-5.730906351427803,,1.9547170828970173
84.7457627118644,45.779661016949156,0.7925644000060856,0.1333333333333333,0.028790177314279686,2.2505458999658003,Extero,5.2942963655480035,sub_0090,24.931820531686146,0.6047047340203845,,2.0775606931277233
67.85714285714286,48.32142857142857,1.250672449823469,0.23333333333333328,0.6227554384334715,3.0233613499440253,Intero,12.168329589184337,sub_0092,24.083356455961862,11.367445042906224,,1.684956708504103
87.71929824561403,34.24561403508772,1.0644947001710534,0.23333333333333328,-0.22762181171797047,2.783216499723494,Extero,4.5027155312702645,sub_0092,24.083356455961862,-1.521213802227123,,2.475223961935105
70.6896551724138,65.20689655172414,0.9613422499969602,0.5,-0.6705864306105251,2.7571212999901036,Intero,,sub_0093,21.834233697255453,,,1.898539656055489
85.0,52.18333333333333,0.8105666500050575,0.33333333333333337,-0.5035631571863692,2.341058050005813,Extero,6.283927163742253,sub_0093,21.834233697255453,-2.068446890880232,,2.4942458281316
37.5,73.52083333333333,0.6857463499982259,0.4,-0.5301967073313875,3.2575956999971822,Intero,4.6544253467250245,sub_0094,21.639453530311584,-21.350318749539863,,0.8744497175406272
81.66666666666667,81.08333333333333,0.5445002500018745,0.33333333333333337,-0.5711042991362335,2.4734270999979344,Extero,11.050324471918831,sub_0094,21.639453530311584,-10.016060979082573,,2.321120193972024
88.33333333333333,52.35,0.6341162000317127,0.23333333333333328,-0.06558378418882493,2.824405850376934,Intero,,sub_0095,21.34741277694702,,,2.3931227848679666
86.66666666666667,52.88333333333333,0.5417607000563294,0.19999999999999996,0.13648827464108626,2.5651153998915106,Extero,6.931355265560738,sub_0095,21.34741277694702,3.9646283885410094,,2.251313803963443
47.45762711864407,60.355932203389834,0.9214210000354796,0.30000000000000004,-0.7848751240821876,2.216323600034229,Intero,11.948855116596675,sub_0096,21.098337360223134,-29.073334150988273,,1.196238006036901
85.0,58.95,0.6740193999721669,0.30000000000000004,0.07167502526754216,1.9970903500216084,Extero,8.07595633114347,sub_0096,21.098337360223134,-0.5783977158254492,,2.0781931827384863
70.0,64.06666666666666,0.8634864499326795,0.033333333333333326,-0.2702189138320797,1.8814138500019908,Intero,13.999190617382169,sub_0097,21.302960050106048,-9.025714109592847,,1.317361155630382
89.47368421052632,58.59649122807018,0.7858177996240556,0.19999999999999996,0.1773601164122221,2.065051000099629,Extero,,sub_0097,21.302960050106048,,,2.1290133508621962
53.44827586206896,61.93103448275862,0.6486532500130124,0.30000000000000004,-0.691497063550319,1.9813114000135101,Intero,9.676431140989449,sub_0098,19.83620088895162,-24.040917211282054,,1.382994127100638
86.66666666666667,71.0,0.6214120999793522,0.19999999999999996,-0.02065781314952564,1.9563525000121444,Extero,4.124144188346327,sub_0098,19.83620088895162,0.5995759762797372,,2.2206395901912654
52.54237288135594,63.86440677966102,0.670959800016135,0.23333333333333328,-0.7147149259355825,1.9988088000100104,Intero,10.543338335379254,sub_0099,21.412259101867676,-30.898096560971545,,1.3365584023301111
87.71929824561403,81.49122807017544,0.6316486001014711,0.09999999999999998,0.05024667730273591,1.6871452999766916,Extero,9.483205929094408,sub_0099,21.412259101867676,1.0724590546130033,,2.0788306092867423
86.4406779661017,68.76271186440678,0.7611576998606324,0.19999999999999996,-0.13648827464108648,1.9164885999634864,Intero,10.438181248440387,sub_0100,21.10074811776479,-3.5907623031618905,,2.2513138039634435
89.83050847457628,71.7457627118644,0.6779728000983596,0.23333333333333328,-0.038072052730108386,2.0158017999492586,Extero,3.4699796289693765,sub_0100,21.10074811776479,0.4739973089185553,,2.559877689146857
77.96610169491525,60.69491525423729,0.6194125000038184,0.06666666666666665,0.12316661308614857,1.7167636999947715,Intero,19.283422088716765,sub_0101,18.806782682736713,3.1310287707609743,,1.5953127265644604
90.0,74.46666666666667,0.6280785999988439,0.16666666666666663,0.1385773741933466,1.682269550008641,Extero,8.123439727751286,sub_0101,18.806782682736713,4.8155726618954295,,2.6150524374496573
85.71428571428571,34.785714285714285,1.5726495499984592,0.16666666666666663,-0.2890436168333235,3.5301505000024918,Intero,6.9546341476304185,sub_0102,24.557074348131817,-3.9400044632747186,,2.352380351704399
86.4406779661017,45.152542372881356,1.2209397999977227,0.16666666666666663,-0.22826825974149756,2.9316762999951607,Extero,5.522058650953465,sub_0102,24.557074348131817,-3.900026622922765,,2.3536066011362706
47.16981132075472,67.62264150943396,0.8094259002245963,0.2666666666666667,-0.7147149259355825,2.514047299977392,Intero,,sub_0103,23.046369965871175,,,1.3365584023301111
85.0,64.5,0.7983161499723792,0.16666666666666663,-0.4834773611679291,1.9389569498598576,Extero,9.377389545898744,sub_0103,23.046369965871175,-8.313834027876453,,2.4963740699086325
89.65517241379311,23.42105263157895,1.1175543999997901,0.06666666666666665,-0.16581300357222983,2.4911385999876074,Intero,,sub_0104,22.098375968138377,,,2.3717784727168625
88.13559322033898,43.08474576271186,0.8527039000764489,0.23333333333333328,0.22762181171797047,1.8995647999690848,Extero,7.571283434492465,sub_0104,22.098375968138377,5.459954574012481,,2.475223961935105
81.35593220338984,51.40677966101695,0.985446899663657,0.19999999999999996,-0.19142916287757056,2.5830557001754637,Intero,12.41986716889204,sub_0106,22.757752501964568,-6.4421946468990585,,1.8386849075184295
88.33333333333333,54.31666666666667,0.9412186499685049,0.16666666666666663,-0.10524572570865798,2.140563099877909,Extero,5.806586939950862,sub_0106,22.757752501964568,1.1114923826865069,,2.3898154153095303
82.14285714285714,48.660714285714285,0.7633528497535735,0.16666666666666663,-0.28735066703085677,2.7559835501015186,Intero,7.489471508162723,sub_0107,23.9019624431928,-5.108148686319924,,2.1447734338154976
82.75862068965517,48.96491228070175,0.6675268998369575,0.06666666666666665,-0.0,2.031855050008744,Extero,12.201449127951633,sub_0107,23.9019624431928,0.28694394435019843,,1.934843132203402
88.13559322033898,69.9322033898305,0.7264007999983733,0.19999999999999996,-0.04575870573365637,2.3310478999992483,Intero,,sub_0108,20.781648472944894,,,2.3922161722193285
88.33333333333333,52.2,0.6560971500002779,0.33333333333333337,-0.005774134775553108,1.8251677500047665,Extero,2.6801421461569324,sub_0108,20.781648472944894,-0.3511376040013722,,2.385211135062743
50.0,54.82142857142857,0.912322900025174,0.33333333333333337,-0.7147149259355825,3.0987304999725893,Intero,14.236193705536008,sub_0112,24.467629305521648,-28.4629131433682,,1.3365584023301111
86.66666666666667,50.52542372881356,0.888308199995663,0.19999999999999996,-0.0,2.141047900018748,Extero,10.701500671579064,sub_0112,24.467629305521648,0.01979609905571611,,2.2215432332735707
74.13793103448276,59.08620689655172,0.6592890999745578,0.23333333333333328,0.7074561334268976,2.3904032497666776,Intero,,sub_0113,22.818029610315957,,,2.122737810183618
86.4406779661017,60.559322033898304,0.6907036001794039,0.06666666666666665,0.4350151379740364,1.714339999947697,Extero,,sub_0113,22.818029610315957,,,2.5932985162964175
85.18518518518519,44.77777777777778,1.111483649990987,0.16666666666666663,-0.17736011641222232,2.4152904000366107,Intero,12.958388601590002,sub_0114,21.971689585844675,-5.6419115513458875,,2.1290133508621967
86.66666666666667,60.0,0.8622111500008032,0.09999999999999998,-0.11593831129686927,2.0662291499902494,Extero,10.210944725448279,sub_0114,21.971689585844675,-2.1346609201793765,,2.2518569610929027
85.96491228070175,81.54385964912281,0.6552666999632493,0.33333333333333337,-0.26882286219039503,2.2326974000316118,Intero,12.770893618369502,sub_0115,20.29134740034739,-5.024307058499163,,2.3545614614555603
86.66666666666667,82.76666666666667,0.7040569499367848,0.23333333333333328,-0.13648827464108648,1.7571311500505544,Extero,7.107401367793791,sub_0115,20.29134740034739,-2.600089422386715,,2.2513138039634435
87.5,60.45454545454545,1.176463899668306,0.23333333333333328,-0.22762181171797047,3.5406950002070516,Intero,10.779946860666435,sub_0116,23.43248164653778,-4.652014891731134,,2.475223961935105
87.27272727272727,75.67272727272727,0.779284699819982,0.19999999999999996,0.02065781314952575,2.6141987997107208,Extero,6.3496787218908075,sub_0116,23.43248164653778,-0.65998152986838,,2.220639590191265
83.33333333333334,73.15,0.8608185998164117,0.16666666666666663,0.09021198242963274,2.9065841999836266,Intero,,sub_0117,23.261098090807597,,,1.9547170828970173
87.93103448275862,74.10344827586206,0.7148138000629842,0.16666666666666663,0.045758705733656146,3.2333811498247087,Extero,,sub_0117,23.261098090807597,,,2.392216172219328
55.932203389830505,53.79661016949152,0.8946065999916755,0.4,-0.7207920758774519,2.666130099998554,Intero,13.96992991346514,sub_0118,21.83088898261388,-24.693543744394216,,1.4888834336161423
85.0,58.63333333333333,0.7345368999958737,0.19999999999999996,0.1773601164122221,1.9574438499985258,Extero,4.2640523135603265,sub_0118,21.83088898261388,1.980870635858049,,2.1290133508621962
56.14035087719298,62.21052631578947,1.4491980000166222,0.06666666666666665,-0.6450111392697822,2.949066099972697,Intero,10.8009126091858,sub_0120,26.336046985785167,-16.426176735268342,,1.4759659756617118
88.33333333333333,60.88333333333333,1.1404436999873724,0.19999999999999996,0.06558378418882471,2.4070409999985714,Extero,7.1036529113060345,sub_0120,26.336046985785167,1.3121121985308335,,2.393122784867966
82.14285714285714,86.07142857142857,1.2472788498271257,0.09999999999999998,-0.19281985329481038,2.849091500043869,Intero,10.277105925724557,sub_0122,25.67255927324295,-5.423265241972394,,1.9150590541623949
90.0,86.05,1.3960111502092332,0.16666666666666663,-0.038072052730108386,2.373553300043568,Extero,3.979014546983605,sub_0122,25.67255927324295,-0.3749081291417512,,2.559877689146857
72.41379310344827,42.63793103448276,0.6599547502119094,0.23333333333333328,-0.7815974841643177,3.132556499913335,Intero,11.297355383504385,sub_0124,23.34859654108683,-11.526638429340828,,2.2158249523382243
90.0,56.7,0.6088863501790911,0.19999999999999996,0.1762811255780692,2.7227062999736518,Extero,7.516930735914067,sub_0124,23.34859654108683,3.0707547173847463,,2.614517467646455
77.96610169491525,62.71186440677966,0.873910500027705,0.4666666666666667,0.19558600757700573,2.665016499988269,Intero,15.323215550309188,sub_0126,24.14503442843755,4.868417978780362,,1.6489804504183914
87.71929824561403,62.421052631578945,0.7793248000089079,0.16666666666666663,0.15706499972144966,2.6827023000223558,Extero,5.887281485623403,sub_0126,24.14503442843755,1.8636191600526708,,2.2489731316463013
85.71428571428571,57.517857142857146,0.759929199994076,0.2666666666666667,-0.26882286219039503,2.7412601999967596,Intero,9.11589475356356,sub_0127,21.83807179133097,-6.284123025368693,,2.3545614614555603
84.7457627118644,77.10169491525424,0.6352996999921743,0.23333333333333328,0.07167502526754216,2.19771700000274,Extero,6.508657755924611,sub_0127,21.83807179133097,-0.6453309545256352,,2.0781931827384863
58.620689655172406,60.07017543859649,1.0552682999987155,0.23333333333333328,-0.7187809645314536,2.7154426999622956,Intero,11.054259845786095,sub_0128,23.343718302249908,-15.503934450945358,,1.6306791596421855
78.94736842105263,57.666666666666664,1.044313400052488,0.33333333333333337,0.19654038684102987,2.0835525998845696,Extero,10.256190791894593,sub_0128,23.343718302249908,3.293557693017979,,1.7420602740742233
54.385964912280706,48.421052631578945,0.626723499968648,0.23333333333333328,-0.7207920758774519,2.649674499873072,Intero,4.927552048664751,sub_0130,20.787945262591045,-14.264661155234547,,1.4888834336161423
86.66666666666667,54.03333333333333,0.571076299995184,0.16666666666666663,-0.0,2.03153515025042,Extero,7.671096940121683,sub_0130,20.787945262591045,-1.1492264404952506,,2.2215432332735707
83.63636363636363,70.18181818181819,1.1815864997915924,0.16666666666666663,0.30264239197023357,3.0823826999403536,Intero,12.702935317003716,sub_0131,22.097182341416676,7.361876101018423,,2.2468689606052274
82.75862068965517,75.41379310344827,0.845250449841842,0.16666666666666663,0.3307559017151011,2.139386950060725,Extero,6.48289112484022,sub_0131,22.097182341416676,3.5096278261251217,,2.1486313171890634
71.1864406779661,40.54237288135593,1.0347283999435604,0.23333333333333328,-0.7612961280858866,2.016637300141156,Intero,9.487639216474381,sub_0132,21.58797937631607,-9.060012793649413,,2.1452370154600557
84.7457627118644,73.98305084745763,0.8055866002105176,0.09999999999999998,0.11238381163041211,2.0163630000315607,Extero,16.727447145304943,sub_0132,21.58797937631607,4.62683114014172,,1.95455634063139
58.333333333333336,78.56666666666666,0.7298474499257281,0.1333333333333333,0.7429487353983121,2.114270700025372,Intero,,sub_0133,21.709491316477457,,,1.5823436179084684
90.0,78.13333333333334,0.6369118001312017,0.06666666666666665,-0.13674914870123278,1.7483318500453606,Extero,7.000815637169527,sub_0133,21.709491316477457,3.6240655927677374,,2.5221747605397438
86.53846153846155,58.745098039215684,0.8231172999367118,0.23333333333333328,0.00722601632361386,2.75678849988617,Intero,12.956495868141074,sub_0134,32.6266948501269,3.475372688498629,,2.0743655570979644
81.13207547169812,54.339622641509436,0.7794292001053691,0.19999999999999996,0.20331229297879944,2.2326140003278847,Extero,13.787684674619058,sub_0134,32.6266948501269,8.40305137513165,,1.4710040477962076
79.62962962962963,26.74074074074074,0.644945350009948,0.5666666666666667,-0.14767283910400497,2.290802450152114,Intero,18.999713177895075,sub_0135,22.12965279817581,2.745001187874049,,1.5939935045809415
86.4406779661017,57.355932203389834,0.5376488999463618,0.33333333333333337,0.15609124015498238,1.81570649985224,Extero,,sub_0135,22.12965279817581,,,2.1290982173847355
76.27118644067797,58.11864406779661,0.7582744997926056,0.033333333333333326,-0.4033847467062108,2.0990319000557065,Intero,,sub_0137,20.54710258245468,,,1.8115739401591324
88.33333333333333,65.76666666666667,0.6325150497723371,0.1333333333333333,0.0853899744539075,1.8483150501269852,Extero,6.741032364954407,sub_0137,20.54710258245468,-0.31074739658379585,,2.3923231821813857
83.92857142857143,67.42857142857143,0.7699033999815583,0.16666666666666663,-0.0,2.249093149905093,Intero,15.846875064805785,sub_0138,21.359917449951173,1.5378026781781595,,1.934843132203402
78.33333333333333,67.66666666666667,0.6846026500570588,0.06666666666666665,0.017186544174395746,1.949498350033537,Extero,10.119044007952018,sub_0138,21.359917449951173,-5.248348663801487,,1.5637924359215658
87.03703703703704,44.27777777777778,0.6687032498884946,0.09999999999999998,-0.074624152171477,2.940751900197938,Intero,,sub_0140,21.392965654532116,,,2.2475111002708954
81.35593220338984,55.932203389830505,0.6727637001313269,0.033333333333333326,0.09597039856815298,2.281247599981725,Extero,13.169957991752035,sub_0140,21.392965654532116,5.4548433287246505,,1.6973983856526456
55.10204081632652,46.40816326530612,0.7169630001299083,0.19999999999999996,-0.10945986230432164,2.497323899995536,Intero,,sub_0141,22.099944921334586,,,0.829881300807438
83.92857142857143,58.92857142857143,0.6195156497415155,0.06666666666666665,0.5035631571863697,2.2146683500614017,Extero,15.586275159327126,sub_0141,22.099944921334586,9.794135301320964,,2.4942458281316005
81.81818181818183,80.52727272727273,0.7083603000501171,0.19999999999999996,-0.25470819118231924,2.5658963000169024,Intero,7.5872346273629105,sub_0142,20.935823317368826,-3.1710038558025992,,2.014873970880978
88.33333333333333,85.53333333333333,0.5655521499575116,0.19999999999999996,0.10524572570865842,1.8820791500620544,Extero,,sub_0142,20.935823317368826,,,2.3898154153095303
79.3103448275862,52.6551724137931,0.8210780499975954,0.2666666666666667,-0.007608423297723432,2.0628452000019024,Intero,,sub_0144,21.613626166184744,,,1.5680603688913024
89.83050847457628,59.69491525423729,0.6658066999953007,0.33333333333333337,0.4199627734357179,1.6976537000009555,Extero,7.8825149725042705,sub_0144,21.613626166184744,6.0537993046853265,,2.6977245301659774
83.05084745762711,47.016949152542374,0.8403842000043369,0.0,-0.06797546316760544,1.8821707000024617,Intero,12.991233688922481,sub_0145,20.379806037743887,-3.4997581438362015,,1.952866663409981
85.0,54.06666666666667,0.6259331000001112,0.1333333333333333,0.07167502526754216,1.558085700002266,Extero,11.897856331137305,sub_0145,20.379806037743887,-1.7462503330973262,,2.0781931827384863
88.13559322033898,6.52542372881356,1.2425412996672094,0.33333333333333337,-0.1488346095119396,3.166418500244617,Intero,7.500547931480101,sub_0146,24.03418372074763,-2.041551842332692,,2.468319035177397
89.65517241379311,73.77586206896552,1.0611249499488622,0.16666666666666663,-0.0853899744539075,2.3574412500020117,Extero,,sub_0146,24.03418372074763,,,2.3923231821813857
62.06896551724138,55.189655172413794,1.288933099946007,0.0,0.008941561895312727,3.2568837499711663,Intero,20.9730767734256,sub_0147,24.977270185947418,-5.689692549904565,,0.6796282672434639
81.66666666666667,82.8,0.7525876997970045,0.30000000000000004,-0.5216134041620724,1.9318112998735155,Extero,4.434101238009876,sub_0147,24.977270185947418,-4.3567799038457915,,2.4944232687132684
49.122807017543856,75.6842105263158,0.9659604000626132,0.2666666666666667,-0.737982987830856,2.7838876999448985,Intero,10.843381563202364,sub_0148,22.070582787195843,-26.502598746597105,,1.290022278539564
84.7457627118644,79.94915254237289,0.8543872999725863,0.2666666666666667,-0.09021198242963263,2.0661651999689643,Extero,14.553394744373865,sub_0148,22.070582787195843,-4.314766741898744,,1.9547170828970173
71.1864406779661,46.96610169491525,0.781781000085175,0.23333333333333328,-0.5926824244177508,2.3809159998781984,Intero,9.160037668296964,sub_0149,23.130248606204987,-9.694918680446598,,1.882876239869591
84.48275862068965,57.60344827586207,0.7621988002210855,0.16666666666666663,-0.34440601576879765,1.9565890501253307,Extero,,sub_0149,23.130248606204987,,,2.241655553833451
62.5,51.5,1.2999836499802768,0.1333333333333333,-0.6453581832709576,3.2246848999056965,Intero,10.401172426534748,sub_0150,22.41522879997889,-11.341666507517425,,1.7775247221631774
88.33333333333333,64.6,1.2691372998524457,0.16666666666666663,-0.12522018671269775,1.8900207499973471,Extero,8.52846505632749,sub_0150,22.41522879997889,-1.4992963622311837,,2.385581421181678
86.4406779661017,49.20338983050848,0.8842354002408683,0.23333333333333328,0.2890436168333235,1.8158379001542928,Intero,11.196599409466849,sub_0151,20.84628060658773,5.520747632482903,,2.352380351704399
83.33333333333334,53.06666666666667,0.6040248000063002,0.0,-0.21077879335608551,2.040509950136766,Extero,6.198092540706695,sub_0151,20.84628060658773,-2.5223569213098442,,2.019723110982528
81.35593220338984,46.57627118644068,0.8910371999954805,0.033333333333333326,-0.2384287091622907,2.1492472999962047,Intero,13.22194457590428,sub_0153,20.458678789933522,-6.186169637637727,,1.919901986289268
71.66666666666667,66.23333333333333,0.554054600012023,0.23333333333333328,0.5653608506186326,1.790850049990695,Extero,8.732792499994828,sub_0153,20.458678789933522,8.011779181828791,,1.8714501908507846
56.666666666666664,76.6,0.9344289999571629,0.1333333333333333,-0.6682792011650555,2.02336115000071,Intero,9.79059834641266,sub_0154,21.607517766952515,-21.602733327054487,,1.4294298518711652
88.33333333333333,74.6,0.9463534000096843,0.1333333333333333,0.10524572570865842,1.6556968999793753,Extero,5.797110059444567,sub_0154,21.607517766952515,-0.0880719504956406,,2.3898154153095303
85.71428571428571,64.55357142857143,0.7303016999503598,0.33333333333333337,-0.45453241883962753,1.9152072999859229,Intero,,sub_0156,20.15951701402664,,,2.5923073048250833
88.13559322033898,57.69491525423729,0.7412057999754325,0.19999999999999996,-0.06558378418882493,1.8655008999630809,Extero,,sub_0156,20.15951701402664,,,2.3931227848679666
82.35294117647058,55.294117647058826,0.7966830000004848,0.30000000000000004,-0.15609124015498227,3.2832758000004105,Intero,9.23311568391216,sub_0157,22.37864355246226,-3.938915381814698,,2.1290982173847346
84.48275862068965,49.46551724137931,0.7991405999964627,0.19999999999999996,0.20211958537254743,3.0827006500003336,Extero,,sub_0157,22.37864355246226,,,1.933658518317869
57.6271186440678,37.152542372881356,0.6402783999219537,0.19999999999999996,-0.7843207784795112,2.149647300015204,Intero,9.636866191738363,sub_0159,20.010649744669596,-16.500789316434805,,1.6177960790870776
88.33333333333333,61.56666666666667,0.6603960499633104,0.23333333333333328,-0.22762181171797047,1.9904389500152324,Extero,6.704520859753374,sub_0159,20.010649744669596,-3.777518677298288,,2.475223961935105
63.33333333333333,72.1,0.6231328500143718,0.16666666666666663,-0.6253871032066473,2.09849750000285,Intero,,sub_0160,22.735896678765616,,,1.6796933789577515
84.7457627118644,64.57627118644068,0.6581514999852516,0.033333333333333326,0.37378894128655754,2.4833580999984406,Extero,9.674851601686422,sub_0160,22.735896678765616,2.298221789946167,,2.144629303263235
80.35714285714286,63.767857142857146,1.4554552002809942,0.19999999999999996,-0.30802750113205624,2.840741999913007,Intero,15.700610023953393,sub_0161,23.786668932437898,-8.88001803609751,,1.8252256954305868
90.0,68.83333333333333,1.1826800999697298,0.23333333333333328,0.15744220615475757,2.0151814001146704,Extero,,sub_0161,23.786668932437898,,,2.615583173061531
84.48275862068965,85.8103448275862,0.6203968999907374,0.16666666666666663,-0.0502466773027358,1.6404880000045523,Intero,12.734015314054322,sub_0162,19.383994869391124,-4.606640169943958,,2.078830609286742
80.0,78.08333333333333,0.5973893000045791,0.30000000000000004,0.09597039856815298,1.6243820000090636,Extero,8.152588171781874,sub_0162,19.383994869391124,1.3417405257150732,,1.6973983856526456
72.41379310344827,83.10344827586206,0.6965478999991319,0.033333333333333326,-0.325556461543111,3.124537150000833,Intero,,sub_0163,22.074484105904897,,,1.4217538559013576
85.0,92.5,0.6349813999986509,0.2666666666666667,0.05024667730273591,1.9064444499999813,Extero,11.09007130198047,sub_0163,22.074484105904897,0.7436305085137654,,2.0788306092867423
64.28571428571429,59.42857142857143,0.794648350100033,0.09999999999999998,-0.7905319046712943,2.3067505499348044,Intero,7.252962873348715,sub_0164,21.848936231931052,-11.95844999944364,,1.9565862676948245
87.93103448275862,76.10344827586206,0.6830073999008164,0.2666666666666667,0.19862540896876246,1.9240087999496613,Extero,7.2672381445348435,sub_0164,21.848936231931052,0.8512144911595716,,2.1270395353080906
80.7017543859649,61.36842105263158,0.7742746999720111,0.33333333333333337,-0.3507688676696176,2.8319732999661937,Intero,16.641750201071652,sub_0165,33.80858300526937,-9.733747607898417,,1.9688177368986373
88.33333333333333,61.43333333333333,0.7096800000290386,0.09999999999999998,0.06558378418882471,2.4073609500192106,Extero,,sub_0165,33.80858300526937,,,2.393122784867966
89.83050847457628,50.33898305084746,0.7465748000031454,0.23333333333333328,-0.15744220615475757,2.3158497999975225,Intero,7.046237371183769,sub_0166,21.10397390127182,-3.2333280707350665,,2.615583173061531
84.7457627118644,46.0,0.6769982000041637,0.16666666666666663,0.13457519153193553,2.0673053000064097,Extero,,sub_0166,21.10397390127182,,,1.9523928502096997
85.0,87.8,0.6452519500162452,0.3666666666666667,0.21996516598584304,1.6737440498545766,Intero,8.638015641227398,sub_0168,22.723584751288097,2.8053159846514446,,2.1231727991175147
87.71929824561403,87.43859649122807,0.5834379000589252,0.19999999999999996,0.15609124015498238,1.69975999975577,Extero,14.617286550092494,sub_0168,22.723584751288097,5.552970577954391,,2.1290982173847355
85.0,56.18333333333333,1.3263186500989832,0.19999999999999996,-0.30264239197023346,1.8988434500643048,Intero,,sub_0169,20.891931708653768,,,2.246868960605228
86.66666666666667,56.983333333333334,0.7683428000309505,0.1333333333333333,-0.04138942824893321,1.9157396999653429,Extero,,sub_0169,20.891931708653768,,,2.217919904254149
89.65517241379311,40.93103448275862,0.7909548500028905,0.16666666666666663,-0.13648827464108648,3.1904370999982348,Intero,11.256765903639725,sub_0170,27.410750516255696,-5.802396690909232,,2.2513138039634435
91.52542372881356,89.51724137931035,0.602320249992772,0.33333333333333337,-0.3046174697472822,2.3489969999936875,Extero,3.1071776530198747,sub_0170,27.410750516255696,-1.776808984634218,,2.814115673524893
84.21052631578947,72.40350877192982,0.7347255999920891,0.30000000000000004,-0.5236513772681817,2.027870299993083,Intero,11.107349569627486,sub_0171,22.193660068511964,-8.713425319272046,,2.4903473225010497
86.4406779661017,70.1864406779661,0.8258145999861881,0.16666666666666663,0.2282682597414974,1.733393800095655,Extero,8.443598475237787,sub_0171,22.193660068511964,5.368257406592057,,2.353606601136271
50.90909090909091,49.654545454545456,0.8546603000002051,0.06666666666666665,-0.691497063550319,2.5115493999999217,Intero,12.495872059912946,sub_0172,22.480258897940317,-27.92340493608478,,1.382994127100638
86.66666666666667,68.15,0.7729311499999766,0.23333333333333328,-0.0,1.9905337000000145,Extero,8.96138133636156,sub_0172,22.480258897940317,1.3101407414145956,,2.2215432332735707
56.896551724137936,77.29310344827586,0.5359323999873595,0.09999999999999998,-0.6450111392697822,2.3658901999879163,Intero,6.162895915177788,sub_0173,20.31954158147176,-15.600035780614792,,1.4759659756617118
86.66666666666667,78.13333333333334,0.593508899997687,0.19999999999999996,-0.0,1.8079159000044456,Extero,8.640603784537795,sub_0173,20.31954158147176,-0.4716402787082365,,2.2215432332735707
55.00000000000001,66.6,0.9539224500767887,0.33333333333333337,-0.691497063550319,2.066318199969828,Intero,6.90550957980446,sub_0174,22.231452929973603,-27.12117446274161,,1.382994127100638
88.33333333333333,69.28333333333333,0.8119010499212891,0.16666666666666663,0.2668321899711619,1.7312006501015276,Extero,7.968842086269996,sub_0174,22.231452929973603,3.3554611116373585,,2.468507512145726
80.0,57.74074074074074,0.700081750008394,0.23333333333333328,-0.09862705426926449,2.4991786000027787,Intero,9.535536318759576,sub_0175,33.77006044785182,-2.2880096984054505,,1.5943055292286492
85.0,70.21666666666667,0.6679694499980542,0.30000000000000004,-0.2199651659858431,2.223830349998025,Extero,6.90266043432595,sub_0175,33.77006044785182,-2.063647451881458,,2.1231727991175147
75.86206896551724,82.86206896551724,0.6774795500095934,0.16666666666666663,-0.7418892628800496,2.2057058003265406,Intero,12.505633973357662,sub_0176,19.814601822694144,-15.359039350315902,,2.3452331243510143
85.0,82.96666666666667,0.5455998999532312,0.16666666666666663,0.1773601164122221,1.7831591498106718,Extero,7.0011332175216605,sub_0176,19.814601822694144,1.86056089331478,,2.1290133508621962
77.58620689655173,50.96551724137931,0.9120870500337331,0.16666666666666663,-0.4033847467062108,2.0582265499979258,Intero,9.588310630548117,sub_0177,20.986130340894064,-6.121485410080659,,1.8115739401591324
81.66666666666667,49.833333333333336,0.6582368998788297,0.09999999999999998,0.08596590265561754,1.758012400008738,Extero,9.994594386847396,sub_0177,20.986130340894064,-0.9157823537080002,,1.8064054493700354
52.63157894736842,41.333333333333336,0.6794937000086065,0.19999999999999996,-0.691497063550319,2.415385200001765,Intero,15.519415169550625,sub_0179,21.31333690881729,-25.386611004004067,,1.382994127100638
84.21052631578947,39.12280701754386,0.6663560999731999,0.3666666666666667,-0.5035631571863692,1.8997461000108158,Extero,12.008249309047713,sub_0179,21.31333690881729,-6.345651265754612,,2.4942458281316
90.9090909090909,45.70909090909091,0.939329800195992,0.19999999999999996,-0.15706499972144966,2.032846299931407,Intero,6.037720346764117,sub_0180,21.90353416601817,-2.204936523355416,,2.2489731316463013
88.33333333333333,55.06666666666667,0.929927749792114,0.16666666666666663,-0.0853899744539075,1.849346349947155,Extero,,sub_0180,21.90353416601817,,,2.3923231821813857
65.51724137931035,46.36206896551724,0.7795602001715451,0.0,-0.7291746680511363,2.523366049863398,Intero,15.543437389425671,sub_0181,30.232461126645408,-14.720194683933055,,1.9228939230675246
81.66666666666667,63.46666666666667,0.6442392501048744,0.033333333333333326,-0.21571351759332985,1.9818381497170774,Extero,12.667646771244565,sub_0181,30.232461126645408,-5.413277728536298,,1.9185465489455211
56.666666666666664,69.43333333333334,0.8088378498796374,0.30000000000000004,-0.7207920758774519,1.5236721497494727,Intero,16.163725147962037,sub_0183,19.436807159582774,-20.18232246055481,,1.4888834336161423
90.0,74.66666666666667,0.7377761502284557,0.23333333333333328,-0.1385773741933466,1.716506350087002,Extero,,sub_0183,19.436807159582774,,,2.6150524374496573
77.19298245614034,64.29824561403508,1.188059499952942,0.23333333333333328,0.4392222087451598,1.9487515001092104,Intero,15.117865983519573,sub_0184,22.273128680388133,11.766684562202322,,1.7398990160812344
76.66666666666667,66.81666666666666,0.9305760000133888,0.30000000000000004,-0.07672600642959826,1.8908577500842507,Extero,15.93002454342728,sub_0184,22.273128680388133,3.1455527510214036,,1.4447135114111607
55.00000000000001,43.3,1.748915650183335,0.19999999999999996,-0.691497063550319,2.446870299987495,Intero,,sub_0185,23.39277148246765,,,1.382994127100638
86.66666666666667,62.36666666666667,1.1523306500166655,0.23333333333333328,-0.11593831129686927,2.048203449929133,Extero,6.1977600596095135,sub_0185,23.39277148246765,-0.4193064876684697,,2.2518569610929027
68.96551724137932,47.275862068965516,1.0024991498794407,0.06666666666666665,-0.23087053748498662,3.2236804999411097,Intero,19.986962767137786,sub_0186,24.096127486228944,-11.345763365971086,,1.1474516857506272
78.94736842105263,53.73684210526316,0.6463457997888327,0.033333333333333326,0.2643520005897787,2.7977252998389304,Extero,18.013777489341642,sub_0186,24.096127486228944,6.269336907847779,,1.5601135885656345
75.86206896551724,49.293103448275865,1.0531293500680476,0.06666666666666665,-0.6188319473258107,2.006873849779368,Intero,15.416406372295508,sub_0187,22.474958006540934,-14.179691070091033,,2.0991184932425364
90.0,70.5,0.7747690000105649,0.23333333333333328,0.019004128370307738,1.607994549907744,Extero,9.749155882326166,sub_0187,22.474958006540934,0.2890791732826512,,2.562298609986232
84.90566037735849,58.735849056603776,1.0045857999939471,0.23333333333333328,-0.24858869031278835,3.065379199921153,Intero,6.9483939976285765,sub_0188,23.736382432778676,-4.214221189107874,,2.354976363920118
81.66666666666667,64.6,0.8336411000345834,0.0,0.06290016626439338,1.789970150042791,Extero,12.980942766391106,sub_0188,23.736382432778676,1.9560972267738217,,1.8090427996746152
86.20689655172413,52.293103448275865,1.51102690002881,0.23333333333333328,-0.28172516336835934,3.024352899985388,Intero,10.047027227833908,sub_0189,25.478964042663574,-5.184328981330012,,2.246692793882547
83.33333333333334,70.21666666666667,1.1509732000995427,0.19999999999999996,-0.1887938069872721,2.6725979999173437,Extero,9.270123143894462,sub_0189,25.478964042663574,-2.844095330320425,,2.019171790639305
73.68421052631578,52.80701754385965,1.1917951999930665,0.06666666666666665,-0.4392222087451597,3.2989733000285923,Intero,,sub_0190,30.418184343973795,,,1.7398990160812347
90.0,62.5,1.0924678500159644,0.19999999999999996,0.1762811255780692,2.4154360499815084,Extero,2.8290129188267685,sub_0190,30.418184343973795,0.9099734613062714,,2.614517467646455
81.03448275862068,33.94827586206897,0.8505046499776654,0.033333333333333326,-0.07220060761022556,2.106272400007583,Intero,17.441288174491156,sub_0191,21.361127654711407,2.0307344047373266,,1.6972447375163067
86.4406779661017,90.72881355932203,0.6958902000915259,0.16666666666666663,-0.0,1.548988500027917,Extero,9.250052440387917,sub_0191,21.361127654711407,0.543507016393117,,2.2215432332735707
50.847457627118644,67.20338983050847,0.8136683001648635,0.2666666666666667,-0.737982987830856,2.3485837997868657,Intero,15.303166727481088,sub_0192,21.837264796098072,-32.515069215154035,,1.290022278539564
88.13559322033898,68.05084745762711,0.7587755999993533,0.1333333333333333,0.06558378418882471,2.4184439000673588,Extero,6.1808821053183145,sub_0192,21.837264796098072,0.4440146925233663,,2.393122784867966
86.4406779661017,64.28813559322033,0.9659696999005972,0.19999999999999996,-0.474016475093163,2.898053199984133,Intero,6.68521498533444,sub_0193,23.532484499613442,-6.625251381868571,,2.589617126851087
85.0,53.8,1.0290950001217425,0.19999999999999996,-0.134740105329827,2.664420949993655,Extero,6.812395489321138,sub_0193,23.532484499613442,-2.0619319042762316,,2.1272791939541955
79.66101694915254,56.610169491525426,0.99970270000631,0.1333333333333333,-0.5897427877952124,2.2316473999526347,Intero,7.740168850569471,sub_0197,21.923091546694437,-6.957408063873888,,2.2438650374290328
81.66666666666667,52.733333333333334,0.9331790499854833,0.23333333333333328,-0.3319147235298236,2.181909650011221,Extero,5.030267676732438,sub_0197,21.923091546694437,-3.356126437641852,,2.055645320817564
55.35714285714286,70.16071428571429,0.6779410499984806,0.3666666666666667,-0.6450111392697822,2.6648142499943788,Intero,,sub_0198,27.78655831416448,,,1.4759659756617118
83.05084745762711,69.10169491525424,0.7280934000009438,0.23333333333333328,-0.4870620647034536,2.3979674000001983,Extero,4.370367937403825,sub_0198,27.78655831416448,-3.919777906993685,,2.40711912976289
89.65517241379311,53.93103448275862,0.8239116000477225,0.23333333333333328,-0.3598468202773679,1.8390065499115733,Intero,5.863140563507158,sub_0200,21.841874984900155,-4.590057503855459,,2.8179564364826772
85.0,47.88333333333333,0.7084421999752522,0.19999999999999996,-0.2199651659858431,1.9411913498770448,Extero,7.159527490345492,sub_0200,21.841874984900155,-2.6131336235611795,,2.1231727991175147
81.66666666666667,39.983333333333334,0.967380000045523,0.3666666666666667,0.03988761635459642,2.4077926501631737,Intero,16.021312594488233,sub_0202,22.313012929757438,2.3759957936685367,,1.8095639500797587
90.0,47.31666666666667,0.720521500101313,0.16666666666666663,-0.0,2.1163363500963897,Extero,6.2717471945929,sub_0202,22.313012929757438,1.5303657639405643,,2.5631031310892007
53.44827586206896,28.517241379310345,0.8669652498792857,0.23333333333333328,-0.691497063550319,3.057804699987173,Intero,12.704072643899314,sub_0203,22.475527723630268,-22.347997511950002,,1.382994127100638
87.93103448275862,52.06896551724138,0.7505859499797225,0.16666666666666663,0.177741920984474,1.991141350008547,Extero,8.252476889774432,sub_0203,22.475527723630268,-0.3789385322548967,,2.2448230247578995
76.66666666666667,46.46666666666667,0.8089165000710636,0.06666666666666665,0.5955457183907966,2.2138143498450518,Intero,7.190681374981773,sub_0204,21.880216590563457,8.822264745750287,,2.0986158171213525
86.4406779661017,68.42372881355932,0.6936246999539435,0.4,-0.13648827464108648,1.9671179000288248,Extero,9.504113025532966,sub_0204,21.880216590563457,2.589807569262808,,2.2513138039634435
76.78571428571429,57.0,0.5913531500009412,0.16666666666666663,0.14767283910400497,2.7996242000008356,Intero,20.910962607437803,sub_0206,20.501179353396097,4.646608236810364,,1.5939935045809415
88.33333333333333,89.33333333333333,0.5162724500041804,0.16666666666666663,-0.0853899744539075,2.215068900000915,Extero,4.471531350302031,sub_0206,20.501179353396097,-0.33593839705345085,,2.3923231821813857
77.58620689655173,49.89655172413793,0.784296500030905,0.4,-0.6280174963859246,2.1896947500063106,Intero,,sub_0207,21.37226478258769,,,2.1673156202476083
89.83050847457628,67.11864406779661,0.8083969000726938,0.16666666666666663,0.0853899744539075,1.6830379001330584,Extero,6.312658773027238,sub_0207,21.37226478258769,2.1992609422915708,,2.3923231821813857
91.66666666666666,50.666666666666664,1.1338173999683931,0.23333333333333328,-0.49308919337684054,2.507190649979748,Intero,5.392369351533583,sub_0208,23.79235361814499,-2.3730129701099734,,3.1213194345099637
85.0,50.65,0.8331661500269547,0.23333333333333328,-0.17736011641222232,1.9820604999549687,Extero,5.4630255127574205,sub_0208,23.79235361814499,-1.494090403081196,,2.1290133508621967
86.66666666666667,66.75,1.0629864500006079,0.23333333333333328,-0.11593831129686927,2.215115450000667,Intero,,sub_0209,26.084131940205893,,,2.2518569610929027
87.93103448275862,68.20689655172414,0.8941189000015584,0.1333333333333333,0.13648827464108626,2.2908614499992836,Extero,,sub_0209,26.084131940205893,,,2.251313803963443
57.89473684210527,57.35087719298246,0.722641900065355,0.4666666666666667,-0.6997037264483438,2.4164954000152647,Intero,,sub_0210,20.624794455369315,,,1.4527462916490073
86.66666666666667,76.43333333333334,0.6569197499775328,0.23333333333333328,0.02065781314952575,1.8817131500109094,Extero,10.001881368557584,sub_0210,20.624794455369315,-0.14356527533415694,,2.220639590191265
75.92592592592592,35.94444444444444,0.9739303500100505,0.33333333333333337,0.25086680833301067,2.606197799963411,Intero,15.044399860248944,sub_0211,24.13150695959727,9.667244434599422,,1.3151821204087488
85.96491228070175,54.59649122807018,0.9260730000096372,0.23333333333333328,0.13457519153193553,2.180991899978835,Extero,11.474477381255241,sub_0211,24.13150695959727,3.888390013672023,,1.9523928502096997
78.57142857142857,55.089285714285715,0.7169894999824464,0.0,0.11975413761002834,1.9072738499962725,Intero,17.535144811239213,sub_0212,27.24387100537618,-1.9621682899168085,,1.6953348569833455
85.0,46.06666666666667,0.6291163500281982,0.16666666666666663,0.07167502526754216,1.9983707499341106,Extero,7.054356751953787,sub_0212,27.24387100537618,-0.3359630758548857,,2.0781931827384863
88.13559322033898,59.83050847457627,1.1957897001411766,0.23333333333333328,-0.22762181171797047,2.482613499974832,Intero,8.420083910943012,sub_0213,23.13870532910029,-3.557099751203048,,2.475223961935105
83.33333333333334,68.88333333333334,0.8833370000356808,0.19999999999999996,-0.09021198242963263,2.332996250013821,Extero,9.402824978134682,sub_0213,23.13870532910029,-2.3850859552590515,,1.9547170828970173
79.3103448275862,57.810344827586206,0.8271484000142664,0.2666666666666667,-0.7817229434226314,3.090369999874383,Intero,,sub_0216,22.436065316200256,,,2.4747265143210218
71.66666666666667,60.38333333333333,0.7381235500797629,0.10000000000000009,0.7074561334268976,2.5411586000118414,Extero,8.09079957969146,sub_0216,22.436065316200256,5.601647826967144,,2.122737810183618
48.275862068965516,64.58620689655173,0.7227094000008947,0.1333333333333333,-0.5301967073313875,3.0738227000001643,Intero,13.060857308907304,sub_0217,22.27449168761571,-28.217633358439212,,0.8744497175406272
70.0,59.266666666666666,0.7025346000009449,0.1333333333333333,-0.2567745630206316,2.7663268500000413,Extero,18.728071774429726,sub_0217,22.27449168761571,-6.707162023989822,,1.1696933411045654
53.57142857142857,79.58928571428571,0.7579241499770433,0.06666666666666665,-0.6682792011650555,2.3807314501609653,Intero,7.659228106307343,sub_0218,22.688031621774037,-28.857239562346848,,1.4294298518711652
88.13559322033898,70.22033898305085,0.8748670998029411,0.23333333333333328,-0.11593831129686927,1.998068999964744,Extero,,sub_0218,22.688031621774037,,,2.2518569610929027
72.88135593220339,63.32203389830509,1.1340183001011608,0.2666666666666667,-0.7569880859523034,2.1820294000208382,Intero,9.921143978591546,sub_0219,22.554397118091583,-11.695733581700832,,2.211487562938696
86.66666666666667,73.7,0.8371576000936329,0.1333333333333333,-0.11593831129686927,2.106779099907726,Extero,10.28880124355018,sub_0219,22.554397118091583,-3.1020397593127,,2.2518569610929027
52.83018867924528,47.339622641509436,1.101380200125277,0.16666666666666663,-0.5268953825431844,3.4655256001278762,Intero,14.671993998453074,sub_0220,22.795804715156557,-18.616568752797185,,1.246907995665647
67.79661016949152,55.45762711864407,0.8422480002045631,0.2666666666666667,0.6227554384334715,2.365603399928659,Extero,,sub_0220,22.795804715156557,,,1.684956708504103
84.7457627118644,85.23728813559322,0.5295513998717071,0.1333333333333333,-0.15609124015498227,1.7480314001441002,Intero,8.671551434048304,sub_0222,19.673749121030173,-5.155001403780068,,2.1290982173847346
89.83050847457628,82.1864406779661,0.5533349998295307,0.23333333333333328,-0.025845752157933832,1.6994983004406097,Extero,,sub_0222,19.673749121030173,,,2.3895891933788316
80.35714285714286,68.83928571428571,0.7853090001735836,0.16666666666666663,-0.3319147235298236,2.491445649880916,Intero,11.104016151554141,sub_0223,23.069970631599425,-7.843087365761932,,2.055645320817564
84.21052631578947,66.3157894736842,0.807439099997282,0.23333333333333328,-0.4633196283164184,2.2658577999100094,Extero,8.19567794953301,sub_0223,23.069970631599425,-6.387821053717741,,2.496711356386621
86.66666666666667,75.6,0.6968124500126578,0.23333333333333328,-0.24858869031278835,1.9071113499812784,Intero,7.958198084024215,sub_0224,21.65170551141103,-2.033720352208365,,2.354976363920118
84.48275862068965,57.172413793103445,0.6872281500254758,0.1333333333333333,0.6385108320465901,1.8077735999249853,Extero,3.6480245896190793,sub_0224,21.65170551141103,3.55858427336093,,2.5519899860179347
73.68421052631578,92.82456140350877,0.5942914000479504,0.19999999999999996,-0.7975381027312514,1.9662032000487668,Intero,9.184258695140846,sub_0225,20.130365312099457,-11.404271566861071,,2.2807868162431566
85.0,74.26666666666667,0.7464822499314323,0.19999999999999996,0.07167502526754216,2.0162188499816693,Extero,,sub_0225,20.130365312099457,,,2.0781931827384863
83.05084745762711,44.88135593220339,0.6461098999716341,0.30000000000000004,-0.11238381163041189,2.116036499850452,Intero,,sub_0226,19.923475031057993,,,1.95455634063139
91.37931034482759,69.05172413793103,0.6606989500578493,0.16666666666666663,0.20807341534640345,1.805980100063607,Extero,4.194416685359046,sub_0226,19.923475031057993,2.4882337594289257,,2.4760603551435434
81.35593220338984,36.03389830508475,0.7770178000209853,0.23333333333333328,0.28368852082361923,2.116121099912561,Intero,,sub_0228,20.382475519180296,,,1.9163565420394018
78.33333333333333,56.483333333333334,0.6990998500259593,0.30000000000000004,-0.12316661308614857,1.914779649989214,Extero,17.508952727805784,sub_0228,20.382475519180296,1.3232358601623793,,1.5953127265644604
71.9298245614035,69.50877192982456,1.0768374999752268,0.1333333333333333,-0.7569880859523034,2.8479559999541384,Intero,10.254575175154828,sub_0229,24.15030200878779,-12.337312241946993,,2.211487562938696
86.66666666666667,66.2,1.0285330500046257,0.19999999999999996,0.02065781314952575,2.423997249978129,Extero,,sub_0229,24.15030200878779,,,2.220639590191265
56.896551724137936,42.96491228070175,0.6504342000116594,0.23333333333333328,-0.6971159357174774,2.0995429000031436,Intero,6.190006608499937,sub_0230,21.734229369958243,-16.427512020115962,,1.5362357139360912
88.33333333333333,64.35,0.6517962500220165,0.1333333333333333,0.045758705733656146,1.773183199999039,Extero,7.732354820344746,sub_0230,21.734229369958243,1.1917437143666587,,2.392216172219328
85.71428571428571,46.67857142857143,1.0358366500004195,0.23333333333333328,0.5699604104432583,2.6410696500679482,Intero,12.48552475974693,sub_0231,26.074078381061554,12.652380420151074,,2.3977292561508965
86.66666666666667,49.2,0.8367005499894731,0.16666666666666663,-0.0,2.2827544499887154,Extero,,sub_0231,26.074078381061554,,,2.2215432332735707
86.4406779661017,57.40677966101695,0.7184567999793217,0.033333333333333326,0.2890436168333235,2.2667950999457402,Intero,12.434835426284044,sub_0232,20.293582860628764,4.954273851264056,,2.352380351704399
85.0,63.6,0.6704190999735147,0.16666666666666663,0.07167502526754216,1.6911430000327528,Extero,5.952404253186174,sub_0232,20.293582860628764,0.8332363869661987,,2.0781931827384863
62.71186440677966,43.440677966101696,1.1119828000664709,0.2666666666666667,-0.67004620096431,2.5972675997763868,Intero,10.771548253760033,sub_0233,22.099951740105947,-16.691183810911934,,1.7281486867764726
85.0,45.63333333333333,0.7638436499983072,0.09999999999999998,0.30264239197023357,2.3149131999816746,Extero,,sub_0233,22.099951740105947,,,2.2468689606052274
75.0,78.78333333333333,0.8328191000036895,0.1333333333333333,0.46422674212378656,1.7818911000067603,Intero,,sub_0234,26.864107513427733,,,1.7419019879903008
85.0,82.51666666666667,0.6596878499985905,0.16666666666666663,0.483477361167929,1.7152445499959867,Extero,10.53880877378914,sub_0234,26.864107513427733,8.629359750588321,,2.496374069908632
58.620689655172406,72.93103448275862,0.9635106000350788,0.23333333333333328,-0.6733598802393626,2.823929450009018,Intero,8.473741497112321,sub_0235,23.259827665487926,-11.817541824128645,,1.583747824892321
88.33333333333333,82.06666666666666,0.803381450008601,0.2666666666666667,-0.20807341534640345,1.972517199930735,Extero,5.668311138850767,sub_0235,23.259827665487926,-2.8409746477577014,,2.4760603551435434
54.385964912280706,67.94736842105263,0.6365667000063695,0.4666666666666667,-0.6682792011650555,2.5164267999934964,Intero,16.838769971335598,sub_0236,20.96367861032486,-21.35443301317311,,1.4294298518711652
84.7457627118644,71.91525423728814,0.7013925000210293,0.33333333333333337,-0.4834773611679291,1.9161280999542207,Extero,11.132349175442824,sub_0236,20.96367861032486,-10.462191066083056,,2.4963740699086325
84.21052631578947,56.56140350877193,1.2265809997916222,0.23333333333333328,-0.00722601632361386,2.6325638997368515,Intero,8.922089188980427,sub_0237,24.222533253828683,-2.5859702165369858,,2.0743655570979644
89.65517241379311,55.39655172413793,1.2883844000753015,0.19999999999999996,0.06558378418882471,2.706946749938652,Extero,3.958182127994936,sub_0237,24.222533253828683,1.5986141739927346,,2.393122784867966
66.66666666666666,67.33333333333333,0.74933320004493,0.16666666666666674,0.270826824425478,1.6742497498635203,Intero,20.64502279125028,sub_0238,19.397063903013866,7.664019384992769,,1.0204139741944616
76.27118644067797,74.15254237288136,0.6227976996451616,0.0,-0.12025977782834812,1.382299399934709,Extero,14.692164387800029,sub_0238,19.397063903013866,-1.214489489673019,,1.498327990921076
90.0,64.08333333333333,0.7730775999953039,0.23333333333333328,-0.1762811255780692,1.8247231500572525,Intero,,sub_0240,20.067447531223298,,,2.614517467646455
89.83050847457628,52.813559322033896,0.6270735000725836,0.23333333333333328,-0.24718561603033073,1.816550899995491,Extero,,sub_0240,20.067447531223298,,,2.472708486741932
83.92857142857143,43.472727272727276,0.7865012999391183,0.19999999999999996,-0.19862540896876257,2.4668422500253655,Intero,8.329372726811117,sub_0241,21.426409006118774,-2.450352080677626,,2.127039535308091
88.13559322033898,35.66101694915254,0.7167270999634638,0.23333333333333328,-0.10524572570865798,2.0657865999965,Extero,4.905105437072893,sub_0241,21.426409006118774,-0.14333366825145308,,2.3898154153095303
50.847457627118644,38.559322033898304,0.9692927999421954,0.033333333333333326,-0.506928645436114,2.283340599853545,Intero,6.2048729463458505,sub_0243,22.742573463916777,-15.09307820128954,,0.920985841331174
86.66666666666667,53.733333333333334,0.8527788000646979,0.16666666666666663,0.11593831129686905,1.898650799994357,Extero,12.282505578295048,sub_0243,22.742573463916777,2.241243631921532,,2.2518569610929022
68.96551724137932,47.41379310344828,0.7794747499283403,0.43333333333333335,0.4602326313983878,1.7149656498804688,Intero,15.510784443961407,sub_0244,20.047385092576345,9.943013813665868,,1.38023349795524
88.33333333333333,56.766666666666666,0.7984454003162682,0.23333333333333328,0.382121415010272,1.6074495499487966,Extero,3.797370046060296,sub_0244,20.047385092576345,3.4327286429119064,,2.699085962223946
72.88135593220339,71.62711864406779,0.6673847000347449,0.23333333333333328,-0.7815974841643177,2.0330912000499666,Intero,14.167667135347044,sub_0245,23.93693817059199,-15.422417643396205,,2.2158249523382243
90.0,57.666666666666664,0.6590788000030443,0.23333333333333328,-0.15744220615475757,1.990941750002094,Extero,7.077159729797624,sub_0245,23.93693817059199,-3.2520557620505164,,2.615583173061531
86.4406779661017,65.54237288135593,0.8263278999365866,0.19999999999999996,0.09534179331099091,2.8994472000049427,Intero,,sub_0246,23.186959954102836,,,2.250597111072718
86.66666666666667,55.35,0.697614349948708,0.16666666666666663,-0.02065781314952564,2.3571038000518456,Extero,6.109962813014366,sub_0246,23.186959954102836,1.0103955670262992,,2.2206395901912654
85.0,43.05,1.0962393500376493,0.09999999999999998,-0.3235104153914983,2.3734221999766305,Intero,10.123441259615763,sub_0247,23.528164625167847,-8.599846119794236,,2.2451863550533537
86.4406779661017,61.49152542372882,0.809369400027208,0.2666666666666667,-0.074624152171477,2.265577799989842,Extero,,sub_0247,23.528164625167847,,,2.2475111002708954
83.33333333333334,72.13559322033899,1.2304494000272823,0.09999999999999998,0.23272251534769622,2.565430699964054,Intero,13.422470586152295,sub_0248,23.427239521344504,4.9525803073800185,,2.018288552991248
89.65517241379311,77.55172413793103,0.7728125500143506,0.33333333333333337,0.038072052730108163,2.2499279999174178,Extero,8.328811710553392,sub_0248,23.427239521344504,0.20583350613074047,,2.5598776891468575
88.13559322033898,73.11864406779661,1.0726877003908155,0.19999999999999996,-0.6431364019483253,1.9154902999289327,Intero,6.14983660736975,sub_0249,20.671845948696138,-5.414375466829875,,2.8844383281670076
84.7457627118644,83.75862068965517,0.8844659498427063,0.30000000000000004,-0.044583596440601614,1.5832147998735309,Extero,12.391062763569849,sub_0249,20.671845948696138,1.9957218145466744,,1.930813145617961
86.20689655172413,87.48275862068965,0.5376175999990664,0.2666666666666667,-0.4935363995629489,1.741309300006833,Intero,11.924030307056329,sub_0250,26.694097888469695,-10.599817317261596,,2.585238323396255
86.66666666666667,86.75,0.5605508500011638,0.16666666666666663,-0.13648827464108648,1.7151800999999978,Extero,6.566481850921693,sub_0250,26.694097888469695,-0.892118664595716,,2.2513138039634435
85.0,79.44067796610169,0.5925652000587434,0.30000000000000004,-0.07167502526754216,2.0468146999482997,Intero,,sub_0251,24.232336286703745,,,2.0781931827384863
91.52542372881356,94.83050847457628,0.5743566000601277,0.19999999999999996,-0.12789199148573516,1.9629649999551475,Extero,6.962656852968816,sub_0251,24.232336286703745,-0.37891477545534175,,2.780074336217086
84.48275862068965,86.94827586206897,0.6281858999864198,0.19999999999999996,0.18879380698727222,2.0495908000011696,Intero,8.867703164395532,sub_0252,19.941881581147513,2.9038458154827738,,2.019171790639305
86.66666666666667,89.91666666666667,0.6276546000153758,0.033333333333333326,0.24858869031278835,1.7396542499918723,Extero,10.179475536524487,sub_0252,19.941881581147513,2.6141304897404263,,2.354976363920118
86.4406779661017,65.59322033898304,0.7464846998918802,0.033333333333333326,0.24858869031278835,1.9662130000069733,Intero,10.361568953809071,sub_0253,20.470541775226593,5.076802292162596,,2.354976363920118
80.0,65.66666666666667,0.6769367499509826,0.06666666666666665,0.023828768327941452,1.866834549990017,Extero,9.148607030281466,sub_0253,20.470541775226593,0.047536031816241886,,1.6821311807146833
85.45454545454545,72.0909090909091,0.7969435999984853,0.23333333333333328,0.02065781314952575,1.616052299970761,Intero,9.085229682858092,sub_0254,19.830664865175883,0.3061144808843612,,2.220639590191265
86.20689655172413,69.48275862068965,0.726717399986228,0.2666666666666667,-0.0,1.4500128999934532,Extero,7.515127977792598,sub_0254,19.830664865175883,0.03885503388574618,,2.2215432332735707
73.33333333333333,66.86666666666666,0.8747708501759917,0.1333333333333333,-0.6135562306112402,2.499195400159806,Intero,11.504529527222935,sub_0255,24.058902887503304,-11.002943920666445,,1.9593251748236196
88.13559322033898,64.66101694915254,0.8500153003260493,0.30000000000000004,0.11593831129686905,2.399580599740148,Extero,4.923375039577493,sub_0255,24.058902887503304,2.7746879123733352,,2.2518569610929022
