Accuracy,Confidence,ConfidenceRT,Corruption,Criterion,DecisionRT,Modality,Slope,Subject,TaskDuration,Threshold,Threshold_UpDown,dPrime
76.59574468085107,47.51063829787234,1.0748723996803164,,0.3312154600238889,2.1815630998462443,Intero,8.11915181459257,sub_0019,22.978581142425536,6.575888194065048,,1.7112319454638591
86.4406779661017,50.94915254237288,0.8477630997076631,,0.010554817345339251,2.2460290999151766,Extero,7.368705151371689,sub_0019,22.978581142425536,1.6902947849825714,,2.200433598582892
48.0,50.18,1.056583550060168,,-0.7388816495948919,2.1333925001090392,Intero,10.531887854770382,sub_0022,21.012230757872263,-29.63187675764548,,1.085339831899417
89.83050847457628,54.86440677966102,0.7683409000746906,,-0.36943413814666914,2.0496696999762207,Extero,,sub_0022,21.012230757872263,,,2.7987818007440746
71.69811320754717,70.60377358490567,0.779173499904573,,-0.5072447900350818,1.9822897003032267,Intero,9.548980700947324,sub_0023,21.45548550685247,-12.944477638582935,,1.9159780053008824
88.13559322033898,68.2542372881356,0.6831068000756204,,0.0554445917990809,1.7817172999493778,Extero,8.101404956793356,sub_0023,21.45548550685247,5.103926382451795,,2.3728444000884785
71.69811320754717,66.9245283018868,0.7715836999996101,,0.12129740569145411,3.1327894999994896,Intero,21.98334078668384,sub_0024,24.544309039910633,4.813948675369835,,1.1700103142972667
88.67924528301887,81.37735849056604,0.721434599996428,,-0.033439999888615124,2.1490577999938982,Extero,6.6050653907394254,sub_0024,24.544309039910633,2.7640467896176872,,2.416853583909411
56.00000000000001,61.84,0.7856614499760326,,-0.691497063550319,2.2988516000041272,Intero,11.690810683354854,sub_0025,21.70113205909729,-24.21137151709096,,1.382994127100638
84.90566037735849,72.24528301886792,0.7428575999801978,,-0.33068359924323015,1.8992867000051767,Extero,10.258146500833453,sub_0025,21.70113205909729,-5.630194999917568,,2.1907865460592344
90.2439024390244,72.73170731707317,1.0128384999698028,,0.2886415515366658,1.7823896000045352,Intero,15.624781095825947,sub_0026,21.228063261508943,-3.9701476403464095,,2.712424150829614
88.88888888888889,63.129629629629626,0.9214493999897968,,-0.13611125523192635,1.7484868000028655,Extero,5.764769576327058,sub_0026,21.228063261508943,-2.4948754873959365,,2.4937657437374234
86.27450980392157,52.68627450980392,1.3060302999801934,,-0.21945720378511335,2.549838299979456,Intero,,sub_0027,23.45946128765742,,,2.2805603603069846
86.20689655172413,54.3448275862069,1.148632849974092,,0.13722261287080956,2.9988095000153407,Extero,4.345056972248056,sub_0027,23.45946128765742,0.6196505421762822,,2.209288357945021
93.33333333333333,88.93333333333334,0.7817656999995961,,-0.3697759042729525,1.5991840999995477,Intero,14.441185795126188,sub_0028,19.93934121131897,-9.32734909958182,,3.1363112131597544
87.93103448275862,92.13793103448276,0.8069170999997368,,-0.06554758760326762,1.739804599999843,Extero,10.98713115973808,sub_0028,19.93934121131897,-3.55874875199077,,2.352638408480106
54.0,20.86,0.9422057000010682,,-0.5751746901880039,2.297965350000595,Intero,11.255731161759119,sub_0031,22.08697981039683,-17.786959248707188,,1.1503493803760079
87.93103448275862,60.05172413793103,0.8265707999998995,,-0.24890611329191098,1.8663492999985465,Extero,9.34841744685306,sub_0031,22.08697981039683,-0.9861637770457172,,2.432655358787224
82.97872340425532,68.36170212765957,0.6787316000554711,,-0.24296833495871784,2.5034104001242667,Intero,14.214041886331156,sub_0032,20.69000287055969,2.2952069612099715,,1.9108227346964137
94.44444444444444,65.18518518518519,0.6230379501357675,,-0.2067870162702139,1.591630700044334,Extero,8.732263311411122,sub_0032,20.69000287055969,-2.8569670981025164,,3.2237171531596935
79.06976744186046,63.093023255813954,0.7458186000585556,,-0.594564479671406,2.749441100284457,Intero,,sub_0034,21.174915846188863,,,2.0505835579337273
82.45614035087719,94.70175438596492,0.5657946001738311,,-0.17563330912041464,1.9317997000180185,Extero,9.2243570123525,sub_0034,21.174915846188863,-4.9055648931461375,,1.9494321425111865
68.0,28.02,0.9803012001793832,,-0.7318680925245097,2.2163842499721795,Intero,11.736970764232554,sub_0035,20.86460984547933,-14.357731878674608,,1.9175070741207778
79.62962962962963,69.75925925925925,0.8571838999632746,,-0.5018815100866358,1.8829739501234144,Extero,14.283620661737325,sub_0035,20.86460984547933,-8.180129386398269,,2.1826746158728283
92.6829268292683,61.0,0.9000153001397848,,-0.39508379674345884,2.2158245001919568,Intero,13.825835864065885,sub_0037,26.43092597723007,-11.443949123969464,,3.038844056624196
89.65517241379311,73.41379310344827,0.7082777498289943,,-0.17723108802436882,2.1743507001083344,Extero,10.685914520390645,sub_0037,26.43092597723007,-2.468251889404586,,2.5760054093223084
48.837209302325576,58.883720930232556,0.9253564001992344,,-0.383162291575152,2.4969490999355908,Intero,,sub_0038,21.531326882044475,,,0.5826549172418594
85.96491228070175,64.56140350877193,0.9226823002099992,,-0.1266093913728243,1.9307615999132401,Extero,,sub_0038,21.531326882044475,,,2.1880619149490506
86.48648648648648,49.729729729729726,1.68448940012604,,-0.32898884755285274,2.9669868000783026,Intero,,sub_0039,29.447148032983144,,,2.4102633935993873
84.7457627118644,66.94915254237289,1.6098476997576654,,-0.21026197152494702,2.232899900060147,Extero,7.4611106293287675,sub_0039,29.447148032983144,1.6977377559528446,,2.1037664101957225
66.66666666666666,71.70588235294117,0.6299474999541417,,-0.750751601656053,1.6631149000022558,Intero,10.38504228045394,sub_0042,19.59485631386439,-15.358849715639545,,1.879740055857691
89.0909090909091,73.2,0.6273677001008764,,-0.14714997183642375,1.7661398000782356,Extero,9.80597371981373,sub_0042,19.59485631386439,-2.7268082403106435,,2.5158431769464182
76.92307692307693,57.63461538461539,1.1887063498143107,,-0.3147325340000074,2.806726350216195,Intero,16.62867498134763,sub_0044,23.096093841393788,-9.662638755841575,,1.6192113951372624
88.13559322033898,67.11864406779661,0.8460841001942754,,-0.09594479179924664,2.4333665003068745,Extero,8.004567988513214,sub_0044,23.096093841393788,0.4365712893977445,,2.3712135474907075
91.17647058823529,94.0,0.5630666499491781,,0.44765515065997524,1.4906118498183787,Intero,7.794878537482058,sub_0045,19.522910769780477,6.52480109431717,,2.8301534335233525
87.03703703703704,90.88888888888889,0.5523567001800984,,0.18528437829898547,1.5398768002633005,Extero,3.7627663663083433,sub_0045,19.522910769780477,2.5658348727067875,,2.3489060112792415
81.81818181818183,94.5909090909091,0.5151235499943141,,-0.45954786104290823,2.7410133999946993,Intero,,sub_0046,21.776707681020103,,,2.2103572206377806
74.57627118644068,95.20338983050847,0.5138147000106983,,-0.09278875576541556,2.0656287999881897,Extero,18.864017194319786,sub_0046,21.776707681020103,-6.975048711942887,,1.343841836041943
50.0,43.4,1.5104341499973089,,-0.9817464954579237,2.9805953500326723,Intero,22.604860868045954,sub_0047,22.753128425280252,-26.48885453016836,,1.326214262987097
91.07142857142857,71.58928571428571,1.0482747501228005,,-0.3675862834305247,1.9320967999519785,Extero,7.009289403143088,sub_0047,22.753128425280252,-4.788151716732332,,2.8703136146173325
50.0,45.092592592592595,0.6439632500405423,,-0.8264975109308206,1.9240997000015339,Intero,6.5211335446403575,sub_0049,20.16815377473831,-23.17734338976038,,1.2774725635094049
86.4406779661017,54.74576271186441,0.6691240000072867,,0.010554817345339251,1.549749600002542,Extero,13.14616055062343,sub_0049,20.16815377473831,-0.06888637529586875,,2.200433598582892
42.0,43.28,0.8721412001177669,,-0.82595790517568,2.482271699933335,Intero,,sub_0050,25.65422645409902,,,0.9111873207378407
81.35593220338984,67.66101694915254,0.8716753995977342,,0.051524178910780705,1.9811741998419168,Extero,18.480551426791376,sub_0050,25.65422645409902,6.104644438442099,,1.7862908249673901
87.5,54.875,1.2611258998513222,,0.46272838363926466,3.198775500059128,Intero,5.483796885362077,sub_0052,22.566079521179198,6.150932976708168,,2.7423725043533
86.4406779661017,71.27118644067797,0.9290995001792908,,-0.23808603433118108,2.0642711999826133,Extero,5.721699329691316,sub_0052,22.566079521179198,-2.0585590183365983,,2.3339710519569037
51.06382978723404,55.808510638297875,0.9721821998246014,,-0.7005998392922212,2.1803681002929807,Intero,8.883209297964086,sub_0056,22.202183016141255,-18.116696498116507,,1.1619034525047582
86.79245283018868,69.39622641509433,0.8002379997633398,,-0.1002820580305741,2.148374899756164,Extero,8.554572303071486,sub_0056,22.202183016141255,-1.4442166413197322,,2.240716581633551
91.66666666666666,31.729166666666668,1.1126497000223026,,-0.2906575078731187,2.4657544000074267,Intero,10.173566747106992,sub_0057,26.706342836221058,-7.9474238403813375,,2.882013776498253
89.65517241379311,42.39655172413793,0.9537928500212729,,-0.1575629923365084,2.208351999986917,Extero,,sub_0057,26.706342836221058,,,2.5770812011633337
51.06382978723404,50.0,1.3248161000665275,,-0.7005998392922212,3.714766399934888,Intero,12.906381263874742,sub_0058,24.311543528238932,-19.32101198883431,,1.1619034525047582
88.33333333333333,55.75,1.1111490500625223,,-0.22762181171797047,2.6720300499582663,Extero,5.0468213847171866,sub_0058,24.311543528238932,-1.9606343304781748,,2.475223961935105
90.19607843137256,44.666666666666664,0.7590767000074266,,-0.30047982381939575,1.949214300009772,Intero,7.739687504224044,sub_0059,20.798679264386497,-2.7440750085344905,,2.7802836115310057
94.0,46.3,0.6252831500023603,,0.21320908866123567,1.7904866999961087,Extero,3.068127162356652,sub_0059,20.798679264386497,1.2447685015729486,,3.1458929451996824
84.90566037735849,64.66037735849056,1.2755029001273217,,-0.720827799184055,3.0641962997615337,Intero,12.645063655990047,sub_0060,22.82441962957382,-10.44378420881128,,2.6320126650346656
88.13559322033898,50.11864406779661,0.9886688999831676,,0.0351454842356711,2.8154838997870684,Extero,4.470861365366684,sub_0060,22.82441962957382,2.4312010283103342,,2.370989729223358
64.70588235294117,63.450980392156865,0.9796446999534963,,-0.5648235119824192,2.299508799798786,Intero,,sub_0061,22.16688975493113,,,1.6363412302364377
78.94736842105263,56.175438596491226,0.8480387004092336,,-0.2107415358312541,2.0666469000279903,Extero,11.48679978373424,sub_0061,22.16688975493113,-1.1733684818774837,,1.6673345180826837
70.58823529411765,59.13725490196079,0.8688845001161098,,-0.4111386364221784,3.5494995000772183,Intero,,sub_0063,23.138032126426697,,,1.478421487907659
86.66666666666667,52.733333333333334,0.7578714000992477,,0.13648827464108626,2.9572632499039173,Extero,6.728707612541489,sub_0063,23.138032126426697,1.8579529450484016,,2.251313803963443
93.87755102040816,49.63265306122449,0.921048100106418,,-0.20454382729005016,2.5494019999168813,Intero,,sub_0064,24.749340959390004,,,3.1285624224573128
86.4406779661017,42.03389830508475,0.7133029000833631,,0.12634908225134245,2.5323285998310894,Extero,6.486619946809611,sub_0064,24.749340959390004,1.4592748239247209,,2.2310354191839554
52.38095238095239,66.35714285714286,0.9389853500761092,,-0.7613522129912501,2.474565450102091,Intero,11.278837381069767,sub_0065,20.54043920834859,-16.96306694654517,,1.243283828218776
83.33333333333334,62.833333333333336,0.8485372001305223,,-0.04962662820891128,1.6830143500119448,Extero,11.47649098447336,sub_0065,20.54043920834859,-1.9244117411215949,,1.9408992091545803
51.06382978723404,63.319148936170215,1.3244697999907658,,-0.7005998392922212,2.3155505000613634,Intero,12.600654124830205,sub_0066,21.95835353930791,-22.655016741686826,,1.1619034525047582
90.74074074074075,63.46296296296296,1.0424354000133462,,-0.13342704518929915,2.1067792500252835,Extero,6.369096853026319,sub_0066,21.95835353930791,-0.19896343279447626,,2.6636134949924477
82.97872340425532,66.93617021276596,1.0729457000270486,,-0.07196669176968029,2.8162857997231185,Intero,9.787781953761675,sub_0068,23.29554431438446,2.9979299630113028,,1.8962190820330422
90.0,60.983333333333334,1.146056050201878,,0.15744220615475757,2.2080524002667525,Extero,,sub_0068,23.29554431438446,,,2.615583173061531
87.2340425531915,57.191489361702125,1.3422419000416994,,0.3022411796726304,2.8480901999864727,Intero,7.902450706197947,sub_0070,23.815946702162424,3.619562878889733,,2.2877248264910897
86.66666666666667,53.916666666666664,1.1138809499680065,,0.13648827464108626,2.4065177000011317,Extero,,sub_0070,23.815946702162424,,,2.251313803963443
89.13043478260869,56.54347826086956,0.7474555000080727,,-0.336966655368663,1.882442050089594,Intero,9.150076573442325,sub_0071,19.983575570583344,-4.895668721783716,,2.662849077156832
92.85714285714286,71.39285714285714,0.5533109500538558,,-0.0,1.7139847499784082,Extero,,sub_0071,19.983575570583344,,,2.930467585371046
57.14285714285714,60.0,0.9640791500278284,,-0.6238358650705543,2.7077520500170067,Intero,10.230654144912258,sub_0072,21.137855366865793,-21.195270409023454,,1.315431400948092
90.74074074074075,75.4074074074074,0.8402304500050377,,-0.3305120446530311,1.8737014499783982,Extero,,sub_0072,21.137855366865793,,,2.8403480531982765
62.0,48.88,0.9115237002260983,,-0.7506919925344139,2.8572105499915774,Intero,,sub_0073,21.819652708371482,,,1.6850536509772722
83.05084745762711,60.067796610169495,0.7898492999374866,,-0.2975138550761092,2.146787599660456,Extero,5.902489472983,sub_0073,21.819652708371482,-2.375849168001886,,2.1244470577249928
59.183673469387756,56.83673469387755,0.9158117999322712,,-0.4625674551245791,2.9987542000599205,Intero,20.146926359906907,sub_0074,26.53273469209671,-9.44501992957014,,0.8491582077885937
86.4406779661017,74.76271186440678,0.73122139996849,,0.010554817345339251,2.448381399968639,Extero,6.048271818692157,sub_0074,26.53273469209671,0.6476910241750646,,2.200433598582892
65.85365853658537,68.21951219512195,1.188645199988969,,-0.6211129808725782,3.333191700046882,Intero,,sub_0076,22.291156419118245,,,1.6882416236258897
81.35593220338984,47.88135593220339,1.096568199922331,,0.15742086480998585,2.315797399962321,Extero,9.008492340033378,sub_0076,22.291156419118245,0.6890991090500637,,1.8202993181363112
61.111111111111114,45.111111111111114,1.5726932999677956,,-0.6128417212452337,2.374110750039108,Intero,9.005259638155174,sub_0079,22.471977921326957,-24.22651080949932,,1.5403048117108087
87.93103448275862,50.44827586206897,1.1803761000046507,,-0.20804335151163267,1.8736506999703124,Extero,12.37326577322855,sub_0079,22.471977921326957,-3.0683299974027687,,2.4360670415224295
79.59183673469387,39.12244897959184,1.1021649001631886,,-0.3431865161056613,2.6646201000548904,Intero,8.007795261688969,sub_0080,22.235619433720906,-4.733619917674316,,1.8767300988778781
93.10344827586206,58.08620689655172,0.8960779500193894,,0.2254070706075848,2.0391585999168456,Extero,6.880568483526107,sub_0080,22.235619433720906,2.736765627950517,,3.0868359358222435
52.94117647058824,44.88235294117647,1.9359022000571715,,-0.6680352401963507,2.882488000090233,Intero,9.801697495304033,sub_0081,23.671486727396648,-20.58477929716093,,1.2270326506964992
66.0377358490566,47.094339622641506,2.2232732999837026,,-0.4814561007901126,1.7660406000213698,Extero,23.23946666478443,sub_0081,23.671486727396648,-15.707955229368613,,1.6001909295089756
59.183673469387756,57.3469387755102,0.664519099984318,,0.6477209403072293,2.5491977999918163,Intero,13.418642235136677,sub_0082,22.2716188232104,15.456212387072823,,1.4705463735868176
72.88135593220339,45.30508474576271,0.8322077998891473,,0.6888143901646174,2.514268500264734,Extero,5.472780396213837,sub_0082,22.2716188232104,5.8812918865427015,,2.1600212967081784
56.86274509803921,44.490196078431374,1.9403729997575283,,-0.8683442299528473,3.032791199628264,Intero,9.785093584747447,sub_0083,23.12080661058426,-16.20799122374769,,1.5530187939972497
86.53846153846155,74.61538461538461,0.9115204997360706,,0.23108557536612961,1.649255300173536,Extero,17.903835583334715,sub_0083,23.12080661058426,7.523062110763309,,2.303817103469017
53.84615384615385,46.90384615384615,0.8927720501087606,,-0.4709204684892243,2.5915928999893367,Intero,6.043837286018277,sub_0085,23.18054188489914,-13.23938830251784,,0.9930021952249535
84.48275862068965,55.98275862068966,1.074889849871397,,0.07249619527581569,2.3656577998772264,Extero,12.514404939249735,sub_0085,23.18054188489914,-2.7181420685488766,,2.034331573340583
89.79591836734694,50.69387755102041,1.1221489000017757,,-0.3231064173561513,2.633198799972888,Intero,9.353764832570489,sub_0087,21.985606678326924,-6.0405730898898495,,2.7350304244574946
86.4406779661017,49.86440677966102,0.8904361000168137,,0.16844098707506233,2.0150019000284374,Extero,8.445873889955104,sub_0087,21.985606678326924,6.185484508907182,,2.226221156939076
86.36363636363636,50.84090909090909,0.9854183499701321,,0.2706864467638619,2.1984666000062134,Intero,11.917855978061473,sub_0090,24.931820531686146,-5.730906351427803,,2.2246153606735524
84.7457627118644,45.779661016949156,0.7925644000060856,,0.01720931281150695,2.2505458999658003,Extero,5.2942963655480035,sub_0090,24.931820531686146,0.6047047340203845,,2.054398964122178
66.66666666666666,46.19607843137255,1.2606039997190237,,0.5014340840636905,3.0310137998312716,Intero,12.168329589184337,sub_0092,24.083356455961862,11.367445042906224,,1.5602349629618197
87.71929824561403,34.24561403508772,1.0644947001710534,,-0.26028210064552365,2.783216499723494,Extero,4.5027155312702645,sub_0092,24.083356455961862,-1.521213802227123,,2.409903384079999
75.51020408163265,66.42857142857143,0.970396199991228,,-0.5516966225285443,2.7486746999784373,Intero,,sub_0093,21.834233697255453,,,1.964847843648004
85.0,52.18333333333333,0.8105666500050575,,-0.5035631571863692,2.341058050005813,Extero,6.283927163742253,sub_0093,21.834233697255453,-2.068446890880232,,2.4942458281316
39.02439024390244,72.17073170731707,0.7106026999972528,,-0.6361742664341858,3.4983166000019987,Intero,,sub_0094,21.490561056137086,,,0.41089393427745685
81.66666666666667,81.08333333333333,0.5445002500018745,,-0.5711042991362335,2.4734270999979344,Extero,11.050324471918831,sub_0094,21.490561056137086,-10.016060979082573,,2.321120193972024
90.19607843137256,55.490196078431374,0.6445774002932012,,0.14787710627108364,2.8175847004167736,Intero,,sub_0095,21.34741277694702,,,2.5964529732941832
89.47368421052632,53.228070175438596,0.5416927002370358,,0.18778590536970807,2.5642075999639933,Extero,6.931355265560738,sub_0095,21.34741277694702,3.9646283885410094,,2.55489577463163
50.0,61.04545454545455,0.8819978500250727,,-0.7910977259449525,2.173649700009264,Intero,11.948855116596675,sub_0096,20.739435585339866,-29.073334150988273,,1.183792802311371
87.27272727272727,62.236363636363635,0.6741360999876633,,0.05435886018040892,1.864082199987024,Extero,8.261199232682163,sub_0096,20.739435585339866,-0.6920465776730875,,2.288041684253032
76.08695652173914,68.69565217391305,0.8354362500831485,,-0.42079952098577517,1.7898658500052989,Intero,13.999190617382169,sub_0097,21.302960050106048,-9.025714109592847,,1.924389212229726
89.47368421052632,58.59649122807018,0.7858177996240556,,-0.010139192389744034,2.065051000099629,Extero,,sub_0097,21.302960050106048,,,2.5040119684661284
47.368421052631575,63.026315789473685,0.6288717499701306,,-0.573716967947203,1.9151981000322849,Intero,9.676431140989449,sub_0098,19.684825654824575,-24.040917211282054,,0.7874091963089961
90.38461538461539,76.0,0.6189461499452591,,0.31100666228181084,1.8494902499951422,Extero,4.124144188346327,sub_0098,19.684825654824575,0.5995759762797372,,2.8013372884558354
51.02040816326531,62.04081632653061,0.7399600001517683,,-0.6978684299330143,2.014512700028717,Intero,10.543338335379254,sub_0099,21.412259101867676,-30.898096560971545,,1.167366271223172
87.71929824561403,81.49122807017544,0.6316486001014711,,-0.0972873263723334,1.6871452999766916,Extero,9.483205929094408,sub_0099,21.412259101867676,1.0724590546130033,,2.32971570050095
89.36170212765957,68.19148936170212,0.7297330996952951,,-0.12932794776599943,1.9657255001366136,Intero,10.438181248440387,sub_0100,21.10074811776479,-3.5907623031618905,,2.5073323586692773
89.83050847457628,71.7457627118644,0.6779728000983596,,-0.048685274228093434,2.0158017999492586,Extero,3.4699796289693765,sub_0100,21.10074811776479,0.4739973089185553,,2.538651246150887
82.0,61.76,0.6269158499999321,,0.48526617272590206,1.7162489999973332,Intero,,sub_0101,18.666787477334342,,,2.2691801718247357
93.10344827586206,75.08620689655173,0.6280785999988439,,-0.03591278333805148,1.6320512000020244,Extero,8.123439727751286,sub_0101,18.666787477334342,4.8155726618954295,,2.9640327525124532
84.61538461538461,34.57692307692308,1.5726495499984592,,-0.3201809432616229,3.5301505000024918,Intero,6.9546341476304185,sub_0102,24.364565344651542,-3.9400044632747186,,2.16978123409602
86.4406779661017,45.152542372881356,1.2209397999977227,,-0.23808603433118108,2.9316762999951607,Extero,5.522058650953465,sub_0102,24.364565344651542,-3.900026622922765,,2.3339710519569037
52.38095238095239,66.92857142857143,0.8521462499629706,,-0.6916735823196527,2.566055500181392,Intero,,sub_0103,23.046369965871175,,,1.1797559664498953
87.27272727272727,66.21818181818182,0.7665774002671242,,-0.6213322197176072,1.898422199767083,Extero,9.377389545898744,sub_0103,23.046369965871175,-8.313834027876453,,2.79550796173107
92.0,21.94,1.2199162500328384,,-0.3309086648462186,2.540694849973079,Intero,,sub_0104,22.098375968138377,,,2.9104937928297154
88.13559322033898,43.08474576271186,0.8527039000764489,,0.21805671183429653,1.8995647999690848,Extero,7.571283434492465,sub_0104,22.098375968138377,5.459954574012481,,2.4560937621677574
78.84615384615384,51.03846153846154,0.9829626500140876,,-0.20246756409511396,2.5253747499082237,Intero,12.41986716889204,sub_0106,22.569407069683074,-6.4421946468990585,,1.635217337382175
91.07142857142857,58.125,0.9412186499685049,,-0.13144975527697333,2.0735433499794453,Extero,5.806586939950862,sub_0106,22.569407069683074,1.1114923826865069,,2.704180208248647
84.78260869565217,45.65217391304348,0.7635953498538584,,-0.12108092068067139,3.041544150095433,Intero,7.489471508162723,sub_0107,23.74639974832535,-5.108148686319924,,2.1315010241502943
84.21052631578947,48.96491228070175,0.6675268998369575,,0.03849361438544746,2.0476397997699682,Extero,12.201449127951633,sub_0107,23.74639974832535,0.28694394435019843,,2.011830360974297
90.47619047619048,74.83333333333333,0.717153950005013,,-0.22143471882352106,2.298341949997848,Intero,9.815865850950637,sub_0108,20.429970117410026,-3.2286866832571364,,2.743568198399058
91.66666666666666,60.604166666666664,0.6307161500008078,,-0.20149341755407602,1.748793349997868,Extero,2.6801421461569324,sub_0108,20.429970117410026,-0.3511376040013722,,2.886720418794792
47.82608695652174,55.73913043478261,0.912322900025174,,-0.8181706151182189,3.0987304999725893,Intero,14.236193705536008,sub_0112,24.467629305521648,-28.4629131433682,,1.1296470239648384
90.19607843137256,55.27450980392157,0.8432708999607712,,0.32205239131579366,2.0493956000427715,Extero,10.701500671579064,sub_0112,24.467629305521648,0.01979609905571611,,2.77924583038787
69.56521739130434,59.69565217391305,0.6795246000401676,,0.5990412019903616,2.398121549980715,Intero,,sub_0113,22.65774950583776,,,1.8701586847243694
86.4406779661017,60.559322033898304,0.6907036001794039,,0.4250205931677781,1.714339999947697,Extero,,sub_0113,22.65774950583776,,,2.5733094266839007
88.88888888888889,48.08888888888889,1.1207617999752983,,-0.40160871898617184,2.4324503000825644,Intero,12.958388601590002,sub_0114,21.971689585844675,-5.6419115513458875,,2.6201331750471137
88.88888888888889,64.24074074074075,0.851411450013984,,-0.38212141501027214,1.9822972500114702,Extero,10.210944725448279,sub_0114,21.971689585844675,-2.1346609201793765,,2.6990859622239465
86.53846153846155,81.32692307692308,0.6969828499713913,,-0.23108557536612961,2.273865950002801,Intero,12.770893618369502,sub_0115,20.29134740034739,-5.024307058499163,,2.303817103469017
90.9090909090909,84.07272727272728,0.6572365999454632,,-0.10211840053742749,1.6959756000433115,Extero,7.107401367793791,sub_0115,20.29134740034739,-2.600089422386715,,2.6879703847614955
88.09523809523809,59.476190476190474,1.132148849777877,,-0.17829470813803594,3.5406950002070516,Intero,10.779946860666435,sub_0116,23.07524167696635,-4.652014891731134,,2.362885351601139
87.27272727272727,75.67272727272727,0.779284699819982,,-0.09872899848536232,2.6141987997107208,Extero,6.3496787218908075,sub_0116,23.07524167696635,-0.65998152986838,,2.2862755867159166
80.76923076923077,70.65384615384616,0.9282593000680208,,0.14188015770503587,2.9564644498750567,Intero,,sub_0117,23.261098090807597,,,1.756392150162331
87.93103448275862,74.10344827586206,0.7148138000629842,,0.024015160965458415,3.2333811498247087,Extero,,sub_0117,23.261098090807597,,,2.3487290826829326
60.0,53.733333333333334,0.9408039999834727,,-0.6432177559054995,2.716337999998359,Intero,13.96992991346514,sub_0118,21.481174929936728,-24.693543744394216,,1.4795527423902772
83.92857142857143,61.089285714285715,0.7048462999955518,,0.1783792343670052,1.9242943999997808,Extero,4.2640523135603265,sub_0118,21.481174929936728,1.980870635858049,,2.040000935879839
50.0,61.27272727272727,1.4596700000111014,,-0.638005363615541,3.0742307500040624,Intero,10.056477586997428,sub_0120,26.16215849717458,-17.30838457903385,,1.0246880335209336
92.45283018867924,65.64150943396227,1.0841236999840476,,-0.030081116187945067,2.3152543000178407,Extero,7.1036529113060345,sub_0120,26.16215849717458,1.3121121985308335,,2.870305352995156
78.72340425531915,86.7872340425532,1.242426199838519,,-0.3430853491661782,2.8652103999629617,Intero,10.277105925724557,sub_0122,25.67255927324295,-5.423265241972394,,1.8180683421980826
89.47368421052632,86.52631578947368,1.3811407000757754,,-0.05088686552824917,2.3652294999919827,Extero,3.979014546983605,sub_0122,25.67255927324295,-0.3749081291417512,,2.498533135670348
70.0,39.72,0.6926429499872029,,-0.8573723788479063,3.1662863998208195,Intero,11.568280459285658,sub_0124,22.991365222136178,-11.655784624338855,,2.0107189771474903
90.0,56.7,0.6088863501790911,,0.1762811255780692,2.7227062999736518,Extero,7.516930735914067,sub_0124,22.991365222136178,3.0707547173847463,,2.614517467646455
76.08695652173914,63.95652173913044,0.890797450003447,,0.2340325762881057,2.5905475500039756,Intero,17.46359002043762,sub_0126,24.14503442843755,4.843966440502257,,1.538230782748856
87.71929824561403,62.421052631578945,0.7793248000089079,,0.07610240494860665,2.6827023000223558,Extero,5.887281485623403,sub_0126,24.14503442843755,1.8636191600526708,,2.331528773789427
85.36585365853658,56.63414634146341,0.7750431000022218,,-0.23377524160643143,2.7657862000050955,Intero,9.11589475356356,sub_0127,21.645567981402078,-6.284123025368693,,2.1507929503586913
84.7457627118644,77.10169491525424,0.6352996999921743,,0.06112020792220302,2.19771700000274,Extero,6.508657755924611,sub_0127,21.645567981402078,-0.6453309545256352,,2.057083548047808
63.04347826086957,58.32608695652174,1.0545970500679687,,-0.5969378504139228,2.8245238499948755,Intero,11.286548018143158,sub_0128,23.144816597302754,-15.366105591172936,,1.5721125533734306
78.94736842105263,57.666666666666664,1.044313400052488,,0.15998406650683566,2.0835525998845696,Extero,10.256190791894593,sub_0128,23.144816597302754,3.293557693017979,,1.6689476334058346
57.446808510638306,49.212765957446805,0.6699103997088969,,-0.6762103636398659,2.632379400078208,Intero,4.927552048664751,sub_0130,20.787945262591045,-14.264661155234547,,1.4135675269215444
87.03703703703704,57.111111111111114,0.5532098999246955,,-0.06540458921439163,1.9471398999448868,Extero,7.671096940121683,sub_0130,20.787945262591045,-1.1492264404952506,,2.2659502261850664
85.1063829787234,72.46808510638297,1.092436499893665,,0.38799099799682524,2.9831723999232054,Intero,12.702935317003716,sub_0131,21.894385186831155,7.361876101018423,,2.410455640052451
82.75862068965517,75.41379310344827,0.845250449841842,,0.3080888135295878,2.139386950060725,Extero,6.48289112484022,sub_0131,21.894385186831155,3.5096278261251217,,2.1032971408180368
75.55555555555556,41.17777777777778,1.0683757001534104,,-0.6163848492862017,2.0643966998904943,Intero,9.487639216474381,sub_0132,21.58797937631607,-9.060012793649413,,2.1484735605973935
84.7457627118644,73.98305084745763,0.8055866002105176,,0.06112020792220302,2.0163630000315607,Extero,16.727447145304943,sub_0132,21.58797937631607,4.62683114014172,,2.057083548047808
57.692307692307686,79.78846153846153,0.7352201499743387,,0.7670602721762732,2.057568599935621,Intero,,sub_0133,21.54837565024694,,,1.5341205443525463
96.07843137254902,83.70588235294117,0.6168267999310046,,0.16239174448581573,1.5664994998369366,Extero,7.188874530288737,sub_0133,21.54837565024694,3.8639671618121714,,3.4542364316952288
84.44444444444444,57.22222222222222,0.8194524003192782,,-0.22796533753048126,2.780948000028729,Intero,12.956495868141074,sub_0134,32.6266948501269,3.475372688498629,,1.9853500226337366
81.13207547169812,54.339622641509436,0.7794292001053691,,-0.005501854886017565,2.2326140003278847,Extero,13.787684674619058,sub_0134,32.6266948501269,8.40305137513165,,1.7632894082657167
79.54545454545455,28.727272727272727,0.6603614001069218,,-0.24610910775513817,2.2823890501167625,Intero,18.999713177895075,sub_0135,22.12965279817581,2.745001187874049,,1.7013889086767506
86.4406779661017,57.355932203389834,0.5376488999463618,,0.105325089798884,1.81570649985224,Extero,,sub_0135,22.12965279817581,,,2.230630518096932
76.36363636363637,58.14545454545455,0.7582744997926056,,-0.3989065062492486,2.1161546004004776,Intero,,sub_0137,20.54710258245468,,,1.7652901185907035
87.71929824561403,66.73684210526316,0.6426492999307811,,0.09728732637233328,1.8151858001947403,Extero,6.741032364954407,sub_0137,20.54710258245468,-0.31074739658379585,,2.329715700500949
84.44444444444444,67.8,0.7672078999457881,,-0.3652909050567756,2.148681899998337,Intero,15.846875064805785,sub_0138,21.359917449951173,1.5378026781781595,,2.0795613105057145
81.48148148148148,72.35185185185185,0.6667444999911822,,0.0776018823008941,1.9074318500352092,Extero,10.119044007952018,sub_0138,21.359917449951173,-5.248348663801487,,1.779639367601614
85.36585365853658,44.073170731707314,0.7203428000211716,,-0.20270435814887977,2.9332383000291884,Intero,,sub_0140,21.392965654532116,,,2.1576944147914414
81.35593220338984,55.932203389830505,0.6727637001313269,,0.051524178910780705,2.281247599981725,Extero,13.169957991752035,sub_0140,21.392965654532116,5.4548433287246505,,1.7862908249673901
54.761904761904766,44.92857142857143,0.7086922500748187,,-0.33724487509804085,2.581136649940163,Intero,,sub_0141,21.7046648979187,,,0.6744897501960817
83.92857142857143,58.92857142857143,0.6195156497415155,,0.4624157185338244,2.2146683500614017,Extero,15.586275159327126,sub_0141,21.7046648979187,9.794135301320964,,2.41195095082651
84.78260869565217,81.41304347826087,0.737798499991186,,-0.17837923436700526,2.4744266500347294,Intero,7.5872346273629105,sub_0142,20.74136775334676,-3.1710038558025992,,2.040000935879839
92.3076923076923,88.67307692307692,0.561527699988801,,0.5454488414110379,1.7919750500004739,Extero,,sub_0142,20.74136775334676,,,3.079813449241582
83.72093023255815,50.83720930232558,0.8432410000023083,,-0.21995085938265335,2.2849208999978146,Intero,11.494478238535766,sub_0144,21.45861543416977,-2.5641455395618142,,2.0643373217651324
89.83050847457628,59.69491525423729,0.6658066999953007,,0.36943413814666914,1.6976537000009555,Extero,7.8825149725042705,sub_0144,21.45861543416977,6.0537993046853265,,2.7987818007440746
86.53846153846155,47.76923076923077,0.8315177500007849,,-0.01733812481126573,1.8656696500002,Intero,12.991233688922481,sub_0145,20.181746844450632,-3.4997581438362015,,2.214000213514746
87.5,56.25,0.6160041500006628,,0.08714813398258947,1.549287000001641,Extero,11.897856331137305,sub_0145,20.181746844450632,-1.7462503330973262,,2.3094373157214614
89.0909090909091,6.8,1.2425412996672094,,-0.06117014201497928,3.166418500244617,Intero,7.500547931480101,sub_0146,24.03418372074763,-2.041551842332692,,2.4960031495415955
89.65517241379311,73.77586206896552,1.0611249499488622,,-0.19693893872759483,2.3574412500020117,Extero,,sub_0146,24.03418372074763,,,2.573201841347404
64.0,57.56,1.2675306999590248,,0.03854296592505607,3.216392950154841,Intero,20.9730767734256,sub_0147,24.749760591983794,-5.689692549904565,,0.7143646597788624
87.75510204081633,90.89795918367346,0.6864215000532568,,-0.3730269896274878,1.7654276001267135,Extero,4.434101238009876,sub_0147,24.749760591983794,-4.3567799038457915,,2.717274812989515
48.97959183673469,74.73469387755102,0.9659604000626132,,-0.7266493275910562,2.6828364999964838,Intero,10.843381563202364,sub_0148,21.880301849047342,-26.502598746597105,,1.1098044759070884
84.7457627118644,79.94915254237289,0.8543872999725863,,-0.16674689491423683,2.0661651999689643,Extero,14.553394744373865,sub_0148,21.880301849047342,-4.314766741898744,,2.1077869078662257
67.9245283018868,47.056603773584904,0.781781000085175,,-0.5863648845685239,2.3809159998781984,Intero,9.160037668296964,sub_0149,23.130248606204987,-9.694918680446598,,1.679423975408647
84.48275862068965,57.60344827586207,0.7621988002210855,,-0.3686602509019394,1.9565890501253307,Extero,,sub_0149,23.130248606204987,,,2.193147083567167
61.111111111111114,51.75925925925926,1.2999836499802768,,-0.6657524904472271,3.2246848999056965,Intero,10.401172426534748,sub_0150,22.41522879997889,-11.341666507517425,,1.5989626044765919
92.15686274509804,69.3529411764706,1.2624031999148428,,-0.052748204373458396,1.8663456998765469,Extero,8.52846505632749,sub_0150,22.41522879997889,-1.4992963622311837,,2.824971176624129
90.0,51.6,0.8106817498337477,,0.5591713754835701,1.6484016000758857,Intero,11.418826993724933,sub_0151,20.65322877963384,5.6724023269218256,,2.801585218112969
85.96491228070175,54.92982456140351,0.6012041000649333,,-0.1266093913728243,1.9664365001954136,Extero,6.198092540706695,sub_0151,20.65322877963384,-2.5223569213098442,,2.1880619149490506
83.72093023255815,49.95348837209303,0.8872420999687165,,-0.1587038297334662,2.032980499905534,Intero,13.22194457590428,sub_0153,20.458678789933522,-6.186169637637727,,2.0562552060447046
72.22222222222221,69.88888888888889,0.5433674000087194,,0.5399566631389776,1.7403599499957636,Extero,8.732792499994828,sub_0153,20.458678789933522,8.011779181828791,,1.8505542590930908
54.90196078431373,76.2156862745098,0.8914550000336021,,-0.7054245770430484,1.999105999944732,Intero,10.265482783997827,sub_0154,21.607517766952515,-21.86862321772869,,1.3551391001151794
89.28571428571429,75.96428571428571,0.9463534000096843,,0.1988316344036909,1.5990608999854885,Extero,5.797110059444567,sub_0154,21.607517766952515,-0.0880719504956406,,2.5328043165636642
88.09523809523809,63.642857142857146,0.7419036499923095,,-0.28513429407602275,1.9829254999058326,Intero,,sub_0156,20.15951701402664,,,2.559184354571552
88.13559322033898,57.69491525423729,0.7412057999754325,,-0.07568677999301143,1.8655008999630809,Extero,,sub_0156,20.15951701402664,,,2.3729167932595936
80.0,56.977777777777774,0.7966830000004848,,-0.32529313967902473,3.265762099996209,Intero,9.23311568391216,sub_0157,22.37864355246226,-3.938915381814698,,1.6993873047741312
84.48275862068965,49.46551724137931,0.7991405999964627,,0.1404628035435609,3.0827006500003336,Extero,,sub_0157,22.37864355246226,,,2.019773153664894
62.5,40.395833333333336,0.622960049950052,,-0.7483301013667054,2.149363500007894,Intero,9.636866191738363,sub_0159,20.010649744669596,-16.500789316434805,,1.6897774333126891
87.71929824561403,64.28070175438596,0.6577549999346957,,-0.23934101340823705,1.9484326998936008,Extero,6.704520859753374,sub_0159,20.010649744669596,-3.777518677298288,,2.4135251590198763
62.264150943396224,72.32075471698113,0.6100591000285931,,-0.5976164489622601,2.113894500012975,Intero,,sub_0160,22.735896678765616,,,1.570755356276756
84.7457627118644,64.57627118644068,0.6581514999852516,,0.3348409158851237,2.4833580999984406,Extero,9.674851601686422,sub_0160,22.735896678765616,2.298221789946167,,2.2225253540661027
81.25,65.1875,1.4554552002809942,,-0.5941097031057716,3.2233072500675917,Intero,,sub_0161,23.41971480846405,,,2.193023852958254
90.9090909090909,72.85454545454546,1.1775942998938262,,0.33958152828629984,1.9977013003081083,Extero,8.845910166208279,sub_0161,23.41971480846405,5.596197483245572,,2.858487020464813
85.41666666666666,84.5,0.6203968999907374,,-0.2590580751828457,1.6815584499854594,Intero,12.969444116558455,sub_0162,19.22484245697657,-4.433626218489398,,2.2013586175115196
80.3921568627451,81.37254901960785,0.5847259999718517,,0.19746548333577663,1.5498974000802264,Extero,8.152588171781874,sub_0162,19.22484245697657,1.3417405257150732,,1.7986761575154737
78.43137254901961,83.98039215686275,0.6903989999991609,,-0.5387570121650058,3.1817268000013437,Intero,,sub_0163,22.074484105904897,,,2.1089236117160883
88.88888888888889,93.88888888888889,0.6198894500012102,,-0.043579192278358936,1.8411589999959688,Extero,11.09007130198047,sub_0163,22.074484105904897,0.7436305085137654,,2.437131968688899
66.66666666666666,59.94117647058823,0.7885064000729471,,-0.8182560931212677,2.2813883000053465,Intero,,sub_0164,21.4661306420962,,,1.9011378907948777
87.93103448275862,76.10344827586206,0.6830073999008164,,0.08624159733835046,1.9240087999496613,Extero,6.405245115187317,sub_0164,21.4661306420962,0.2741536636776504,,2.3518071585689144
77.08333333333334,60.770833333333336,0.773793599975761,,-0.4926905761754932,2.823184799985029,Intero,16.641750201071652,sub_0165,33.80858300526937,-9.733747607898417,,2.0167907397370635
89.83050847457628,62.25423728813559,0.7123014000244439,,0.16712809222018232,2.366358899977058,Extero,,sub_0165,33.80858300526937,,,2.5962114009306814
90.9090909090909,49.56363636363636,0.7712861999971209,,-0.08196584782501981,2.315810600004625,Intero,7.046237371183769,sub_0166,21.10397390127182,-3.2333280707350665,,2.688222048895655
84.7457627118644,46.0,0.6769982000041637,,0.08305101262115483,2.0673053000064097,Extero,,sub_0166,21.10397390127182,,,2.055441208031261
90.9090909090909,90.04545454545455,0.6791078499518335,,0.34761550331422764,1.6488766497932374,Intero,8.638015641227398,sub_0168,22.723584751288097,2.8053159846514446,,2.768097785616035
87.71929824561403,87.43859649122807,0.5834379000589252,,0.03370104703088317,1.69975999975577,Extero,14.617286550092494,sub_0168,22.723584751288097,5.552970577954391,,2.329357310552083
93.18181818181817,62.63636363636363,1.2029841499752365,,-0.38147235939336965,1.874147200025618,Intero,,sub_0169,20.891931708653768,,,3.11291830291892
85.45454545454545,57.21818181818182,0.7682855000020936,,-0.034792874579952726,1.8327797000529245,Extero,,sub_0169,20.891931708653768,,,2.1097382147323085
88.63636363636364,36.79545454545455,0.7757152000049246,,-0.39108188052375675,2.857994800004235,Intero,11.256765903639725,sub_0170,27.410750516255696,-5.802396690909232,,2.5990794981222836
93.10344827586206,89.51724137931035,0.602320249992772,,-0.38989161012931506,2.3573916999957873,Extero,3.1071776530198747,sub_0170,27.410750516255696,-1.776808984634218,,3.2210639179533302
86.0,72.48,0.6944628999335691,,-0.49767423937305794,2.105166250024922,Intero,11.107349569627486,sub_0171,22.193660068511964,-8.713425319272046,,2.4679803134983747
86.4406779661017,70.1864406779661,0.8258145999861881,,0.217229543137,1.733393800095655,Extero,8.443598475237787,sub_0171,22.193660068511964,5.368257406592057,,2.3315291679272763
46.666666666666664,45.888888888888886,0.8546603000002051,,-0.7674493343402,2.4491880000000488,Intero,12.495872059912946,sub_0172,22.480258897940317,-27.92340493608478,,1.0282044624088007
89.58333333333334,73.35416666666667,0.7644439000000602,,-0.14036666437049683,1.8831797000000279,Extero,8.96138133636156,sub_0172,22.480258897940317,1.3101407414145956,,2.529409791878272
53.70370370370371,77.29629629629629,0.5405601499951445,,-0.7176196537382893,2.248556649996317,Intero,6.162895915177788,sub_0173,20.31954158147176,-15.600035780614792,,1.3307489467246976
90.74074074074075,80.79629629629629,0.5579321999975946,,-0.09210504021476362,1.7077256000047782,Extero,8.640603784537795,sub_0173,20.31954158147176,-0.4716402787082365,,2.6679436641161676
52.0,68.36,0.9322799000656232,,-0.7485897107110332,1.9664864500518888,Intero,6.90550957980446,sub_0174,22.231452929973603,-27.12117446274161,,1.2688088327792097
89.0909090909091,73.78181818181818,0.8104495999868959,,0.21041249890646352,1.6998176998458805,Extero,8.133800918243686,sub_0174,22.231452929973603,3.207118943071212,,2.509642587558119
86.36363636363636,54.84090909090909,0.7562676500019734,,-0.0,2.582433249997848,Intero,9.535536318759576,sub_0175,33.77006044785182,-2.2880096984054505,,2.193607124187027
85.96491228070175,73.03508771929825,0.6554505999956746,,-0.1706611001272147,2.1150840999907814,Extero,6.90266043432595,sub_0175,33.77006044785182,-2.063647451881458,,2.182968152991187
77.77777777777779,81.15555555555555,0.7156310998834671,,-0.6400243137020185,2.332830599974841,Intero,12.505633973357662,sub_0176,19.814601822694144,-15.359039350315902,,2.257601449633376
84.48275862068965,84.48275862068965,0.5445858999155462,,0.20012277913520293,1.7499192997347564,Extero,7.0011332175216605,sub_0176,19.814601822694144,1.86056089331478,,2.0834880254162345
80.76923076923077,51.13461538461539,0.9310408000601453,,-0.6617805692002834,2.0582265499979258,Intero,9.588310630548117,sub_0177,20.986130340894064,-6.121485410080659,,2.455458782266293
84.31372549019608,57.3921568627451,0.6741935000754893,,0.2571432909297528,1.668663399992511,Extero,9.994594386847396,sub_0177,20.986130340894064,-0.9157823537080002,,2.01000377138611
56.52173913043478,38.34782608695652,0.6940713999792933,,-0.691497063550319,2.4322572499950184,Intero,15.519415169550625,sub_0179,21.31333690881729,-25.386611004004067,,1.382994127100638
84.21052631578947,39.12280701754386,0.6663560999731999,,-0.5380981605280437,1.8997461000108158,Extero,12.281726409163895,sub_0179,21.31333690881729,-6.488404675759129,,2.425175821448251
92.15686274509804,44.07843137254902,0.9934474998153746,,-0.5168363389228106,2.0472830003127456,Intero,5.670396556916318,sub_0180,21.749638426303864,-2.747033512966695,,3.073825143418024
89.0909090909091,56.09090909090909,0.9348704996518792,,-0.01061322149798527,1.8322976999916136,Extero,,sub_0180,21.749638426303864,,,2.4625071406906707
62.22222222222222,44.577777777777776,0.8076094998978078,,-0.7161624726289207,2.6812511999160047,Intero,15.543437389425671,sub_0181,30.232461126645408,-14.720194683933055,,1.6359161434472511
82.6923076923077,65.48076923076923,0.6362289502285421,,-0.17935538631631665,1.8984290999360383,Extero,12.667646771244565,sub_0181,30.232461126645408,-5.413277728536298,,1.9419879881193824
65.21739130434783,69.32608695652173,0.7742316501680762,,-0.6191741740748219,1.4237003501038998,Intero,14.865298706939786,sub_0183,19.436807159582774,-19.272173943486678,,1.6921192372214022
89.65517241379311,74.91379310344827,0.7377761502284557,,-0.13786374594841977,1.6664358500856906,Extero,,sub_0183,19.436807159582774,,,2.5764262526488553
78.26086956521739,62.82608695652174,1.2316025500185788,,0.5048600158222528,2.0154341999441385,Intero,15.117865983519573,sub_0184,22.089234824975332,11.766684562202322,,2.058521057060587
78.57142857142857,69.17857142857143,0.9190632499521598,,0.04444621965737222,1.7158949000295252,Extero,16.169521041124476,sub_0184,22.089234824975332,3.3628323810783636,,1.594350027831084
58.92857142857143,43.892857142857146,1.7056683001574129,,-0.6412802032945841,2.446870299987495,Intero,,sub_0185,23.39277148246765,,,1.4834278476121079
90.9090909090909,64.36363636363636,1.0946915000677109,,-0.08196584782501981,1.9327014000155032,Extero,6.1977600596095135,sub_0185,23.39277148246765,-0.4193064876684697,,2.688222048895655
68.0,47.68,1.053108650026843,,-0.32991667689647824,3.2152375001460305,Intero,19.986962767137786,sub_0186,24.096127486228944,-11.345763365971086,,1.197965629501585
78.94736842105263,53.73684210526316,0.6463457997888327,,0.18537615979986782,2.7977252998389304,Extero,18.013777489341642,sub_0186,24.096127486228944,6.269336907847779,,1.6694001459726673
74.0,49.32,1.099025150062516,,-0.6372897270293374,2.0322264498099685,Intero,15.416406372295508,sub_0187,22.474958006540934,-14.179691070091033,,1.9118581819874252
89.79591836734694,78.61224489795919,0.7524576000869274,,-0.05726869363579312,1.5812368001788857,Extero,9.94686840406683,sub_0187,22.474958006540934,0.1171208115212774,,2.5558180849662864
85.71428571428571,56.285714285714285,0.917551500024274,,-0.43584826702035334,3.1641272000269964,Intero,6.9483939976285765,sub_0188,23.736382432778676,-4.214221189107874,,2.314741102005393
82.75862068965517,66.51724137931035,0.8336411000345834,,-0.0,1.7407262500491925,Extero,12.980942766391106,sub_0188,23.736382432778676,1.9560972267738217,,1.8893391827889514
85.1063829787234,50.148936170212764,1.678345300257206,,-0.44007197658254255,2.9831908997148275,Intero,10.047027227833908,sub_0189,25.478964042663574,-5.184328981330012,,2.4095633007378594
83.33333333333334,70.21666666666667,1.1509732000995427,,-0.1887938069872721,2.6725979999173437,Extero,9.270123143894462,sub_0189,25.478964042663574,-2.844095330320425,,2.019171790639305
75.51020408163265,52.10204081632653,1.195215899962932,,-0.41069611048488097,3.3009727000026032,Intero,,sub_0190,30.00012998978297,,,1.6828468195606772
91.22807017543859,64.14035087719299,1.0672842999920251,,0.10154430803135739,2.382140700006857,Extero,2.8290129188267685,sub_0190,30.00012998978297,0.9099734613062714,,2.7273789693083312
79.62962962962963,33.31481481481482,0.8465493000112474,,-0.1197541376100284,2.1133721999940462,Intero,17.441288174491156,sub_0191,21.361127654711407,2.0307344047373266,,1.6953348569833453
86.4406779661017,90.72881355932203,0.6958902000915259,,-0.01055481734533914,1.548988500027917,Extero,9.250052440387917,sub_0191,21.361127654711407,0.543507016393117,,2.2004335985828924
46.808510638297875,67.65957446808511,0.8133421000093222,,-0.677906894721566,2.3656677000690247,Intero,15.303166727481088,sub_0192,21.837264796098072,-32.515069215154035,,0.9448849713088838
88.13559322033898,68.05084745762711,0.7587755999993533,,0.0554445917990809,2.4184439000673588,Extero,6.1808821053183145,sub_0192,21.837264796098072,0.4440146925233663,,2.3728444000884785
87.27272727272727,62.8,1.0330880000256002,,-0.4122643737454264,2.9321109000593424,Intero,6.68521498533444,sub_0193,23.532484499613442,-6.625251381868571,,2.598821865528605
86.4406779661017,54.101694915254235,1.015800999943167,,-0.08421147004077822,2.632404999807477,Extero,6.812395489321138,sub_0193,23.532484499613442,-2.0619319042762316,,2.228336464532293
80.76923076923077,57.67307692307692,1.0037428500072565,,-0.5328607323479582,2.174137799971504,Intero,7.740168850569471,sub_0197,21.923091546694437,-6.957408063873888,,2.223985789207028
83.63636363636363,55.18181818181818,0.9095261000329627,,-0.26804748699187886,2.131771700049285,Extero,5.030267676732438,sub_0197,21.923091546694437,-3.356126437641852,,2.1342604982541147
55.55555555555556,69.75925925925925,0.6668453499987663,,-0.627985468210674,2.6898877499988885,Intero,,sub_0198,27.78655831416448,,,1.3071321946678527
83.05084745762711,69.10169491525424,0.7280934000009438,,-0.4973568463529701,2.3979674000001983,Extero,4.370367937403825,sub_0198,27.78655831416448,-3.919777906993685,,2.386529566463857
89.58333333333334,53.8125,0.830012250225991,,-0.3352726983993486,1.882142350077629,Intero,5.863140563507158,sub_0200,21.663822519779206,-4.590057503855459,,2.7106978623711
90.56603773584906,53.698113207547166,0.6869908003136516,,-0.12386194530562522,1.86517779994756,Extero,7.324502637574551,sub_0200,21.663822519779206,-2.7315103445864906,,2.6444832952250996
89.79591836734694,42.224489795918366,0.9763349001295863,,0.39163225257523443,2.380633499938994,Intero,16.021312594488233,sub_0202,22.313012929757438,2.3759957936685367,,2.718107637353871
91.22807017543859,49.175438596491226,0.7077437001280487,,-0.10154430803135761,2.098708000034094,Extero,6.2717471945929,sub_0202,22.313012929757438,1.5303657639405643,,2.727378969308331
55.55555555555556,27.62962962962963,0.9064866998232902,,-0.627985468210674,3.2153743500821292,Intero,12.704072643899314,sub_0203,22.475527723630268,-22.347997511950002,,1.3071321946678527
87.93103448275862,52.06896551724138,0.7505859499797225,,0.10699052083322957,1.991141350008547,Extero,8.252476889774432,sub_0203,22.475527723630268,-0.3789385322548967,,2.3491220894227416
80.3921568627451,48.13725490196079,0.7886713999323547,,0.6222294189830682,2.214586999733001,Intero,7.190681374981773,sub_0204,21.880216590563457,8.822264745750287,,2.423370433665693
86.4406779661017,68.42372881355932,0.6936246999539435,,-0.1473618052605536,1.9671179000288248,Extero,9.504113025532966,sub_0204,21.880216590563457,2.589807569262808,,2.229566742724509
81.63265306122449,58.44897959183673,0.5899577000018326,,0.006339024826898021,2.7980354000028456,Intero,20.910962607437803,sub_0206,20.501179353396097,4.646608236810364,,1.804237687420974
88.13559322033898,89.30508474576271,0.5166039000032471,,-0.09594479179924664,2.21450719999848,Extero,4.471531350302031,sub_0206,20.501179353396097,-0.33593839705345085,,2.3712135474907075
78.84615384615384,50.17307692307692,0.784296500030905,,-0.5780386079184013,2.123471500002779,Intero,,sub_0207,21.37226478258769,,,2.1336300380661415
89.83050847457628,67.11864406779661,0.8083969000726938,,0.00970319446089607,1.6830379001330584,Extero,6.312658773027238,sub_0207,21.37226478258769,2.1992609422915708,,2.5436967421674086
93.75,49.520833333333336,1.0834385498892516,,-0.33789316711501094,2.507190649979748,Intero,5.392369351533583,sub_0208,23.79235361814499,-2.3730129701099734,,3.2000766874756374
87.27272727272727,52.45454545454545,0.8416516999714077,,-0.09872899848536232,1.9660457000136369,Extero,5.4630255127574205,sub_0208,23.79235361814499,-1.494090403081196,,2.2862755867159166
84.61538461538461,66.86538461538461,1.0629864500006079,,-0.08983432008708142,2.3660945999999967,Intero,,sub_0209,26.084131940205893,,,2.069007822963114
87.93103448275862,68.20689655172414,0.8941189000015584,,0.0655475876032674,2.2908614499992836,Extero,,sub_0209,26.084131940205893,,,2.3526384084801055
61.702127659574465,55.255319148936174,0.7359541000332683,,-0.5898779832249478,2.6642434999812394,Intero,,sub_0210,20.624794455369315,,,1.3833471646393052
92.3076923076923,78.40384615384616,0.6569197499775328,,0.24489880213946225,1.8160276000271551,Extero,10.001881368557584,sub_0210,20.624794455369315,-0.14356527533415694,,2.9735311879655657
76.74418604651163,35.13953488372093,0.9214961000252516,,0.3076332826448428,2.7147887999890368,Intero,15.044399860248944,sub_0211,24.13150695959727,9.667244434599422,,1.6854321954623301
85.96491228070175,54.59649122807018,0.9260730000096372,,0.011045729033982932,2.180991899978835,Extero,11.474477381255241,sub_0211,24.13150695959727,3.888390013672023,,2.1572325058242483
79.24528301886792,55.075471698113205,0.7211824000114575,,0.052357049751249496,1.982724600005895,Intero,17.535144811239213,sub_0212,27.24387100537618,-1.9621682899168085,,1.634133447075273
84.21052631578947,46.578947368421055,0.6294506000122055,,0.06145046624183287,1.9817679000552744,Extero,7.054356751953787,sub_0212,27.24387100537618,-0.3359630758548857,,2.012240115272617
88.0,58.64,1.1829426500480622,,-0.1576642945330048,2.5409198499983177,Intero,8.420083910943012,sub_0213,22.94647187391917,-3.557099751203048,,2.4041461788112013
83.33333333333334,68.88333333333334,0.8833370000356808,,-0.09021198242963263,2.332996250013821,Extero,9.402824978134682,sub_0213,22.94647187391917,-2.3850859552590515,,1.9547170828970173
80.0,57.8,0.831986699718982,,-0.7848481349052613,3.06449699960649,Intero,,sub_0216,22.436065316200256,,,2.4311508684014376
71.66666666666667,60.38333333333333,0.7381235500797629,,0.7074561334268976,2.5411586000118414,Extero,8.09079957969146,sub_0216,22.436065316200256,5.601647826967144,,2.122737810183618
24.137931034482758,62.06896551724138,0.7181439999985741,,-0.6500755362921717,3.2148557000036817,Intero,13.348967050205937,sub_0217,22.06670114596685,-28.366677709389467,,-0.43869647399342865
70.0,59.266666666666666,0.7025346000009449,,-0.2567745630206316,2.7663268500000413,Extero,18.728071774429726,sub_0217,22.06670114596685,-6.707162023989822,,1.1696933411045654
53.84615384615385,79.11538461538461,0.7579241499770433,,-0.7187565209743696,2.3807314501609653,Intero,7.659228106307343,sub_0218,22.688031621774037,-28.857239562346848,,1.328475212252537
88.13559322033898,70.22033898305085,0.8748670998029411,,-0.21805671183429653,1.998068999964744,Extero,,sub_0218,22.688031621774037,,,2.4560937621677574
66.66666666666666,61.77777777777778,1.2063694996759295,,-0.8087395509004085,2.1328651998192067,Intero,9.921143978591546,sub_0219,22.554397118091583,-11.695733581700832,,1.8458496904436736
90.9090909090909,78.56363636363636,0.8350098999217153,,-0.5238327521803763,2.0162749001756306,Extero,10.28880124355018,sub_0219,22.554397118091583,-3.1020397593127,,3.026002759042023
48.484848484848484,45.0,1.0331792002543807,,-0.402254166751583,3.713564899750054,Intero,15.177190488259914,sub_0220,22.795804715156557,-18.59668074312102,,0.5444711668889974
67.79661016949152,55.45762711864407,0.8422480002045631,,0.6059433447748617,2.365603399928659,Extero,,sub_0220,22.795804715156557,,,1.7185808958213227
86.04651162790698,89.83720930232558,0.5295513998717071,,-0.08337759998480854,1.7480314001441002,Intero,8.671551434048304,sub_0222,19.673749121030173,-5.155001403780068,,2.20690766554202
89.83050847457628,82.1864406779661,0.5533349998295307,,-0.12856401387068273,1.6994983004406097,Extero,,sub_0222,19.673749121030173,,,2.5950257168043294
77.55102040816327,71.3061224489796,0.8372190999798477,,-0.45222521841173935,2.499577399808913,Intero,11.104016151554141,sub_0223,23.069970631599425,-7.843087365761932,,1.765905035414394
84.21052631578947,66.3157894736842,0.807439099997282,,-0.49507651126369273,2.2658577999100094,Extero,8.19567794953301,sub_0223,23.069970631599425,-6.387821053717741,,2.433197590492072
89.79591836734694,79.44897959183673,0.7122426999267191,,-0.05726869363579312,1.7810667000012472,Intero,7.103834310706514,sub_0224,21.464473362763723,-1.3980125076025518,,2.5558180849662864
84.48275862068965,57.172413793103445,0.6872281500254758,,0.579545399347544,1.8077735999249853,Extero,3.6480245896190793,sub_0224,21.464473362763723,3.55858427336093,,2.669920851416027
79.16666666666666,92.66666666666667,0.5953220500377938,,-0.6591049210614381,2.0644565999973565,Intero,9.184258695140846,sub_0225,20.130365312099457,-11.404271566861071,,2.349619429508953
85.96491228070175,76.43859649122807,0.7462532999925315,,0.14859860022442223,1.9822505000047383,Extero,,sub_0225,20.130365312099457,,,2.186536383237796
90.47619047619048,51.76190476190476,0.6484004999510944,,0.5257530580013345,1.8803603500127792,Intero,,sub_0226,19.923475031057993,,,2.86842185307744
91.37931034482759,69.05172413793103,0.6606989500578493,,0.07297507977737605,1.805980100063607,Extero,4.194416685359046,sub_0226,19.923475031057993,2.4882337594289257,,2.746257026281598
79.24528301886792,33.0188679245283,0.7710643999744207,,0.3045189850666136,2.1478097999934107,Intero,,sub_0228,20.382475519180296,,,1.7409356139989534
79.62962962962963,59.05555555555556,0.6990998500259593,,-0.17279324129505985,1.8735926499939524,Extero,17.508952727805784,sub_0228,20.382475519180296,1.3232358601623793,,1.694565982982283
74.50980392156863,68.33333333333333,1.0972061000065878,,-0.7105342184868141,2.8646024999907236,Intero,10.254575175154828,sub_0229,24.15030200878779,-12.337312241946993,,2.1844177445047532
89.28571428571429,68.91071428571429,0.9866865999938453,,0.020752413887729082,2.391174399992451,Extero,,sub_0229,24.15030200878779,,,2.4827855254701574
58.82352941176471,42.529411764705884,0.6783551000116859,,-0.6496711965967545,2.0826399000070523,Intero,6.190006608499937,sub_0230,21.734229369958243,-16.427512020115962,,1.466645861007767
92.85714285714286,68.51785714285714,0.643534400020144,,-0.018718133241560797,1.7238469000003533,Extero,7.732354820344746,sub_0230,21.734229369958243,1.1917437143666587,,2.929643452319472
86.36363636363636,45.61363636363637,1.008840299968142,,0.6427371171719864,2.5305324500659485,Intero,12.48552475974693,sub_0231,26.074078381061554,12.652380420151074,,2.634453734736136
91.07142857142857,51.267857142857146,0.8367005499894731,,0.09197920814768346,2.2305440999916755,Extero,,sub_0231,26.074078381061554,,,2.708248769540983
85.1063829787234,56.148936170212764,0.7040953999385238,,0.21987397174844547,2.2667950999457402,Intero,12.660000974682248,sub_0232,20.293582860628764,4.76589400871628,,2.178595490074663
92.0,73.64,0.6072394500370137,,0.30923782907134933,1.557456500013359,Extero,5.952404253186174,sub_0232,20.293582860628764,0.8332363869661987,,2.9191744188947144
66.0377358490566,42.56603773584906,1.0989536000415685,,-0.6403867206083733,2.5328349000774324,Intero,10.771548253760033,sub_0233,22.099951740105947,-16.691183810911934,,1.787467647488346
86.20689655172413,47.206896551724135,0.7538773501291871,,0.24830684588612378,2.2489977998193353,Extero,,sub_0233,22.099951740105947,,,2.3135294288470183
81.81818181818183,84.9090909090909,0.8242860500031384,,0.5597505626661203,1.7076021500106435,Intero,,sub_0234,26.864107513427733,,,2.4181489517051724
90.0,89.56,0.632864300001529,,0.4962712092191767,1.6232248000014806,Extero,10.53880877378914,sub_0234,26.864107513427733,8.629359750588321,,2.9273855506417554
57.446808510638306,71.38297872340425,0.9090007999911904,,-0.6109172328796387,3.015053800074384,Intero,8.473741497112321,sub_0235,23.040102144082386,-11.817541824128645,,1.3412686653299233
98.0,89.44,0.7728930999292061,,-0.11646531966103268,1.8983787001343444,Extero,5.668311138850767,sub_0235,23.040102144082386,-2.8409746477577014,,3.8052417618442194
58.69565217391305,68.91304347826087,0.5796616000006907,,-0.6601436745787121,2.64949484996032,Intero,16.838769971335598,sub_0236,20.772836788495383,-21.35443301317311,,1.4457009050438518
84.7457627118644,71.91525423728814,0.7013925000210293,,-0.49405231962140733,1.9161280999542207,Extero,11.132349175442824,sub_0236,20.772836788495383,-10.462191066083056,,2.475224153001676
87.27272727272727,57.345454545454544,1.2265809997916222,,-0.05435886018040881,2.6325638997368515,Intero,,sub_0237,24.222533253828683,,,2.288041684253032
89.65517241379311,55.39655172413793,1.2883844000753015,,-0.019842386850640104,2.706946749938652,Extero,3.958182127994936,sub_0237,24.222533253828683,1.5986141739927346,,2.5234183573879205
76.74418604651163,69.44186046511628,0.748097900301218,,0.22731284248221778,1.59977289987728,Intero,20.64502279125028,sub_0238,19.397063903013866,7.664019384992769,,1.5516702503606319
76.27118644067797,74.15254237288136,0.6227976996451616,,-0.13241921335282447,1.382299399934709,Extero,14.692164387800029,sub_0238,19.397063903013866,-1.214489489673019,,1.4740091198721232
95.91836734693877,69.87755102040816,0.7304195000324398,,0.2771599880939025,1.7663731999928132,Intero,,sub_0240,19.874674781163534,,,3.4465271620241555
89.83050847457628,52.813559322033896,0.6270735000725836,,-0.4067872316992778,1.816550899995491,Extero,,sub_0240,19.874674781163534,,,2.791911718079826
92.10526315789474,43.05263157894737,0.7998422499513254,,0.099471404116805,2.4668422500253655,Intero,,sub_0241,20.821939492225646,,,2.8692982804714826
88.13559322033898,35.66101694915254,0.7167270999634638,,-0.1162914547426408,2.0657865999965,Extero,4.905105437072893,sub_0241,20.821939492225646,-0.14333366825145308,,2.3677239572415645
48.888888888888886,39.2,1.0080983999650923,,-0.383162291575152,2.2994838000740856,Intero,6.351948485509201,sub_0243,22.574796775976818,-14.9866444853773,,0.5826549172418594
90.9090909090909,56.45454545454545,0.8342073999810964,,0.08196584782501959,1.8301709000952544,Extero,12.282505578295048,sub_0243,22.574796775976818,2.241243631921532,,2.6882220488956556
72.22222222222221,46.925925925925924,0.8045433999504894,,0.371812564252322,1.7572641000151636,Intero,15.510784443961407,sub_0244,20.047385092576345,9.943013813665868,,1.5570736322473717
89.28571428571429,60.714285714285715,0.8053470000158995,,0.3004103350344691,1.5815886000636965,Extero,3.797370046060296,sub_0244,20.047385092576345,3.4327286429119064,,2.7359617178252207
75.55555555555556,70.44444444444444,0.6564435000764206,,-0.7152268651369998,2.1996853000018746,Intero,14.167667135347044,sub_0245,23.744164768854777,-15.422417643396205,,2.1750324512043817
89.83050847457628,57.52542372881356,0.6623452999629079,,-0.16712809222018232,1.9490187000483281,Extero,7.077159729797624,sub_0245,23.744164768854777,-3.2520557620505164,,2.5962114009306814
90.74074074074075,66.61111111111111,0.8266330499900505,,0.2903488491322851,2.8992584500228986,Intero,,sub_0246,23.186959954102836,,,2.842652914754887
86.4406779661017,54.59322033898305,0.7033569999039173,,-0.03170354218350846,2.3490321000572294,Extero,6.109962813014366,sub_0246,23.186959954102836,1.0103955670262992,,2.1985481321232996
88.88888888888889,47.955555555555556,0.9943386999657378,,-0.15771180161124831,2.2661466000135992,Intero,10.123441259615763,sub_0247,23.528164625167847,-8.599846119794236,,2.4505646509787793
86.4406779661017,61.49152542372882,0.809369400027208,,-0.08421147004077822,2.265577799989842,Extero,,sub_0247,23.528164625167847,,,2.228336464532293
82.45614035087719,71.40350877192982,1.2408176999306306,,0.22282545402437748,2.5487937999423598,Intero,13.422470586152295,sub_0248,23.427239521344504,4.9525803073800185,,1.9511084965650944
89.65517241379311,77.55172413793103,0.7728125500143506,,0.01984238685063988,2.2499279999174178,Extero,8.328811710553392,sub_0248,23.427239521344504,0.20583350613074047,,2.523418357387921
88.88888888888889,72.70370370370371,1.036714700050652,,-0.6182560443012112,1.9395146502647553,Intero,5.589277435881161,sub_0249,20.382381757100422,-4.8654026005162665,,2.8709857326612225
84.48275862068965,83.75862068965517,0.8844659498427063,,-0.1175988946807845,1.5824589999392629,Extero,12.391062763569849,sub_0249,20.382381757100422,1.9957218145466744,,2.026757427128748
89.58333333333334,88.02083333333333,0.5302310000406578,,-0.35860871164998787,1.7325956999557093,Intero,12.136946605775261,sub_0250,26.345495947202046,-10.388059233540961,,2.706133189719482
87.93103448275862,87.43103448275862,0.5579078499577008,,-0.24890611329191098,1.6826733999769203,Extero,6.566481850921693,sub_0250,26.345495947202046,-0.892118664595716,,2.432655358787224
85.18518518518519,83.88888888888889,0.591284749971237,,-0.16243026498188012,2.0221160000073723,Intero,,sub_0251,24.232336286703745,,,2.116420167730939
91.52542372881356,94.83050847457628,0.5743566000601277,,-0.13803118387547897,1.9629649999551475,Extero,6.962656852968816,sub_0251,24.232336286703745,-0.37891477545534175,,2.7597959514375985
84.0,86.28,0.6243589999940014,,0.24596744737818843,2.0495908000011696,Intero,8.867703164395532,sub_0252,19.941881581147513,2.9038458154827738,,2.126408538815177
90.74074074074075,92.46296296296296,0.6227777000021888,,0.029791975287591588,1.6728835000103572,Extero,10.179475536524487,sub_0252,19.941881581147513,2.6141304897404263,,2.6598908173020295
85.71428571428571,66.5,0.7475015499512665,,0.24792378404088106,1.96537150000222,Intero,10.361568953809071,sub_0253,20.26940601269404,5.076802292162596,,2.270140686119514
81.81818181818183,68.65454545454546,0.6123928000451997,,0.012521578742394901,1.8493774000089616,Extero,9.148607030281466,sub_0253,20.26940601269404,0.047536031816241886,,1.8166027952519679
85.18518518518519,71.79629629629629,0.7980333500017878,,-0.023747145545969905,1.6327648499864154,Intero,9.085229682858092,sub_0254,19.830664865175883,0.3061144808843612,,2.0876467566643426
86.20689655172413,69.48275862068965,0.726717399986228,,-0.02160054637932196,1.4500128999934532,Extero,7.515127977792598,sub_0254,19.830664865175883,0.03885503388574618,,2.1783421405149266
67.56756756756756,66.16216216216216,0.9083623001351953,,-0.570574796847505,2.965503500308841,Intero,11.504529527222935,sub_0255,24.058902887503304,-11.002943920666445,,1.5292058785428626
88.13559322033898,64.66101694915254,0.8500153003260493,,0.0554445917990809,2.399580599740148,Extero,4.923375039577493,sub_0255,24.058902887503304,2.7746879123733352,,2.3728444000884785
