,Accuracy,Confidence,ConfidenceRT,Criterion,DecisionRT,HBC,HBC_total,Modality,Session,Slope,Subject,TaskDuration,Threshold,dPrime
0,57.49999999999999,45.6,1.03181884996593,0.673061797219279,2.1492599000339396,,,Intero,Del1,18.335679115897022,sub_0019,29.292084324359895,7.2308162640764255,1.4198646597627183
1,81.25,64.6625,0.8516563499579206,-0.06391761575263671,1.8808454499812797,,,Extero,Del1,11.042193262779405,sub_0019,29.292084324359895,4.775693868601195,1.7747202059529097
2,56.25,39.3375,0.8828596999519505,-0.5989499158187357,3.690407799964305,,,Intero,Del1,16.11855474426594,sub_0020,32.76029461622238,-19.200668955662238,1.3652032994517294
3,68.75,43.3625,0.7917284000432119,0.17799513780624915,2.865583000006154,,,Extero,Del1,17.315870462255404,sub_0020,32.76029461622238,6.85055116986735,1.1166415591397607
4,83.54430379746836,63.58227848101266,0.8204416999360546,-0.3810087877094767,2.6144138999516144,,,Intero,Del1,12.064374362574744,sub_0022,28.95056088368098,2.185112349819189,2.20506214338364
5,87.34177215189874,74.84810126582279,0.7257884999271482,-0.12679966231185819,2.0146461999975145,,,Extero,Del1,13.371218305713446,sub_0022,28.95056088368098,-3.2172646833423797,2.219705158416097
6,60.0,47.2875,0.7786429999978282,-0.4443782535406591,2.4160344999982044,,,Intero,Del1,17.460052339141,sub_0023,28.31436651945114,-8.557156970573285,1.1513959584910847
7,67.5,50.1,0.6923306999960914,0.07942208442492518,1.8326861499808726,,,Extero,Del1,16.67023295267246,sub_0023,28.31436651945114,8.138804209003363,0.9460410004436981
8,82.5,56.11392405063291,0.7802614999236539,0.6107623004188636,3.256929300026968,,,Intero,Del1,13.874134577000289,sub_0024,30.199271818002064,8.042979806247969,2.475667976165091
9,55.00000000000001,47.35,0.7468664499465376,0.5192382259222347,2.748900100006722,,,Extero,Del1,18.791073346959244,sub_0024,30.199271818002064,4.173611119001172,0.7784392852303008
10,51.89873417721519,43.65822784810127,1.1166139000561088,-0.4755720201712271,3.49848539987579,,,Intero,Del1,17.875748204943214,sub_0025,32.741197701295214,-20.274534271343995,0.983699091860948
11,80.0,61.35,0.9644771000603214,-0.17001444727747345,2.6654068999923766,,,Extero,Del1,14.309477107420525,sub_0025,32.741197701295214,-8.950462838940314,1.7582339013729946
12,83.54430379746836,40.30379746835443,1.001305199926719,-0.36444636592767005,2.530854900134728,,,Intero,Del1,10.174110905847199,sub_0026,30.17468746503194,-6.768733112558112,2.27327916023271
13,83.75,55.7375,0.8665765499463305,-0.0012787499855397289,1.992148349992931,,,Extero,Del1,13.830314161193051,sub_0026,30.17468746503194,-5.1241349306927635,1.9686633337634598
14,66.25,46.375,1.1522930498467758,-0.34726946453123436,2.7409923998638988,,,Intero,Del1,17.990504091844112,sub_0027,31.04230748017629,5.84033745014616,1.1830897046913376
15,89.87341772151899,63.037974683544306,1.0629819000605494,0.5667936754876155,2.6134700998663902,,,Extero,Del1,10.41598588928538,sub_0027,31.04230748017629,4.667857354771785,3.122503117394737
16,56.25,95.7875,0.6574447499588132,-0.5256207602765544,1.6734928000951186,,,Intero,Del1,8.862012437187671,sub_0028,24.546984843413036,-18.186250652494373,1.249457240198907
17,63.74999999999999,92.15,0.680606999900192,-0.18164125872347417,1.7322997999144718,,,Extero,Del1,17.71161960088521,sub_0028,24.546984843413036,-7.586289371389421,0.9039974841124536
18,72.15189873417721,81.79746835443038,0.8106704999227077,-0.3679680253879657,4.431650300044566,,,Intero,Del1,16.67139658497107,sub_0029,31.52615381081899,2.1002566894280603,1.5647627099760844
19,81.25,79.6125,0.7587190499762073,0.18693015533714863,2.1394832499790932,,,Extero,Del1,11.221656498657822,sub_0029,31.52615381081899,10.55602648737376,1.8880949058160195
20,71.25,58.1125,0.8902225500205532,0.2411432954766668,3.423537650029175,,,Intero,Del1,13.776413387641597,sub_0030,30.43103303114573,12.908100285083744,1.3092730468138452
21,81.25,57.8875,0.8709804500686005,-0.20437766825724574,2.680528150056489,,,Extero,Del1,13.335162883899072,sub_0030,30.43103303114573,-10.448429654101867,1.8919434242375242
22,49.36708860759494,29.20253164556962,0.8332368000410497,-0.5081357042690317,1.9988734000362456,,,Intero,Del1,13.876058785754845,sub_0031,29.06089508930842,-28.314810510346216,0.9185717236653387
23,57.49999999999999,43.175,0.8640346499159932,0.2557165870778515,2.0566473001381382,,,Extero,Del1,18.459818468590523,sub_0031,29.06089508930842,-0.3398495311059315,0.5587324560169415
24,50.0,48.65,0.8292780499905348,-0.44588740851882397,2.5495500001125038,,,Intero,Del1,12.93369767619892,sub_0032,28.459628760814667,-24.79670406452135,0.7914676501081807
25,87.5,55.425,0.7322721999371424,-0.22238300640223113,1.8063594499835745,,,Extero,Del1,12.2212627362371,sub_0032,28.459628760814667,4.8327924217445455,2.3796091450078642
26,75.32467532467533,62.20779220779221,0.717102900147438,-0.22151052669683008,2.5988380000926554,,,Intero,Del1,16.90515182835734,sub_0034,27.843427403767905,4.42741268475913,1.4918220788097418
27,87.5,89.725,0.6410448000533506,-0.5019687580887027,1.8914781999774277,,,Extero,Del1,11.134799755253637,sub_0034,27.843427403767905,0.8519481774891419,2.748779607611785
28,75.0,38.81012658227848,0.7555623999796808,-0.08006216360157498,2.440528200007975,,,Intero,Del1,16.869018381692594,sub_0035,27.153492709000904,5.4521448639372805,1.3692950203696244
29,78.75,55.2,0.6998527499381453,0.27002738509483765,2.248956250026822,,,Extero,Del1,15.756049905415368,sub_0035,27.153492709000904,0.2992610102167945,1.7606439905623406
32,81.25,64.56962025316456,1.3938748999498785,-0.3217605735537276,2.5909882499836385,,,Intero,Del1,15.689148243002426,sub_0037,37.08476707537969,-0.3852258342941613,1.9925006474996185
33,83.75,60.278481012658226,1.3960971999913454,-0.19757292895905693,3.006369399954565,,,Extero,Del1,11.62475122131058,sub_0037,37.08476707537969,5.94287641112893,2.0461348397765855
34,57.49999999999999,69.39240506329114,1.0360022999811918,-0.7322178120170453,2.623667750041932,,,Intero,Del1,12.246368027007243,sub_0038,28.97272537549337,-15.271819162159641,1.603805464671002
35,89.87341772151899,68.07692307692308,0.9537987998919562,0.3056539476580896,1.9995380002073944,,,Extero,Del1,8.456715115230447,sub_0038,28.97272537549337,7.687455039510986,2.8900642471881604
36,90.0,71.35,1.5096620001131669,-0.4311778437092152,3.123255699989386,,,Intero,Del1,11.625430680908126,sub_0039,33.34204891125361,3.020988297418413,2.9166642332484294
37,87.5,68.41772151898734,1.5076409999746831,0.015185685851595743,2.4823913000291213,,,Extero,Del1,13.274400099791178,sub_0039,33.34204891125361,-6.247812116937262,2.3002046076901737
38,43.58974358974359,42.01282051282051,0.9636470499681309,-0.573716967947203,3.9745726500405003,,,Intero,Del1,18.547081076714814,sub_0040,34.09065149227778,-31.73250169101678,0.7874091963089961
39,76.25,66.175,0.7200237499782816,-0.09006259920663767,2.3904508498962973,,,Extero,Del1,15.363118997335436,sub_0040,34.09065149227778,-8.166229900003046,1.461458978251485
40,74.64788732394366,89.92857142857143,1.501962949987501,-0.06821971504907345,2.465274800080806,,,Intero,Del1,16.765941025724867,sub_0041,32.08800426721573,-4.110159621226165,1.130840571461255
41,89.04109589041096,90.63380281690141,1.216000400017947,0.2691584986461116,2.147016800008714,,,Extero,Del1,15.377421820318625,sub_0041,32.08800426721573,3.2197392125380917,2.132038474945651
42,47.43589743589743,57.205128205128204,0.7765504500130191,-0.524447824581196,2.6490292000817135,,,Intero,Del1,12.169138825290789,sub_0042,28.672043999036152,-19.243107272631274,0.8859474830410101
43,81.25,60.0625,0.7516985500697047,0.12311725022447423,2.356745099881664,,,Extero,Del1,15.637180000974286,sub_0042,28.672043999036152,-4.019703828403322,1.7939179651234545
44,53.16455696202531,5.1923076923076925,1.0700513999909163,-0.3957338250540903,4.4988253000192335,,,Intero,Del1,14.891729080301829,sub_0043,34.65398624738057,-20.990234747302985,0.8917748170376479
45,84.81012658227847,44.278481012658226,0.9235123998951168,0.7252823334296561,3.5991396000608797,,,Extero,Del1,10.446070649818566,sub_0043,34.65398624738057,-1.2603568569622536,2.8318315750847245
46,81.25,90.075,0.5767813499996919,0.10575467995957955,3.231788150000284,,,Intero,Del1,15.108059842023494,sub_0046,33.09038525422414,-4.015837053773867,1.7947865754059082
47,68.75,80.9,0.5768878499993662,0.10831890959179327,3.45750709999993,,,Extero,Del1,18.68448855971579,sub_0046,33.09038525422414,7.0640933647121384,1.132341681208577
48,77.5,31.544303797468356,1.0107791000009456,0.46356100535348965,3.331701449998946,,,Intero,Del1,16.69626874770134,sub_0047,28.377458262443543,2.6538825739714134,1.965085175129371
49,86.25,83.575,0.7277279999998427,0.23726812928162638,1.8490054000012606,,,Extero,Del1,12.982796553180327,sub_0047,28.377458262443543,2.2992436604514466,2.2914519956380235
50,82.5,70.15,0.8107039500009705,0.2196686431201575,1.6986622999993415,,,Intero,Del1,14.312120379103279,sub_0048,25.859787396589915,-3.3421475691394167,1.968756633813089
51,82.5,58.8,0.8511243000011746,0.6107623004188636,1.633009299999685,,,Extero,Del1,12.493562070573766,sub_0048,25.859787396589915,-0.0877472283710029,2.475667976165091
52,72.15189873417721,46.949367088607595,0.5824566000010236,-0.668843821728991,2.098855400003231,,,Intero,Del1,16.380198647479098,sub_0049,28.787640126546226,-3.145028949300247,2.043555615711815
53,85.0,61.9125,0.6414367000015773,0.05969372505948689,1.599591700000019,,,Extero,Del1,13.875603956409527,sub_0049,28.787640126546226,3.743227207705716,2.085493283911355
54,65.0,40.734177215189874,1.3608043999993242,-0.5330688490223191,3.4643818000004103,,,Intero,Del1,17.869285627230262,sub_0050,33.66465268532435,-10.90625383996006,1.438101342485801
55,75.0,56.2,1.153772100002243,0.497674786488695,2.164382850001857,,,Extero,Del1,15.463588130984375,sub_0050,33.66465268532435,5.326530251079516,1.8568041715683048
56,54.54545454545454,54.246753246753244,1.2318763000075703,-0.4266181358901363,2.6331536000070628,,,Intero,Del1,13.7776989445694,sub_0051,33.15730179945628,-17.51243311392366,1.0816068604231295
57,86.25,54.1375,0.7927164499997161,-0.12679966231185819,1.9740040500037137,,,Extero,Del1,12.84224498553202,sub_0051,33.15730179945628,9.881087756789986,2.219705158416097
58,55.84415584415584,35.16883116883117,1.671313100028783,0.6745571458485732,4.799307800014503,,,Intero,Del1,17.988069718030246,sub_0052,33.8676589568456,15.671395685267088,1.4168739625041298
59,83.75,74.675,0.930471600004239,0.7128378713241941,2.707331249985146,,,Extero,Del1,13.887401400049068,sub_0052,33.8676589568456,-3.8996900402338923,2.7746552430405513
62,50.0,63.026315789473685,1.261568050016649,-0.4755720201712271,4.005824349995237,,,Intero,Del1,15.340031855428546,sub_0055,31.36031735340754,-19.45102638663212,0.983699091860948
63,87.5,63.0,0.7368396499950904,0.20739180603745677,2.232904550008243,,,Extero,Del1,10.434259244607894,sub_0055,31.36031735340754,-4.124779835294605,2.380889445867295
64,83.54430379746836,61.0126582278481,0.9432318999897688,-0.7276188672071768,2.1156927999982145,,,Intero,Del1,10.477320371468767,sub_0056,30.419720506668092,-7.957416166544148,2.773523808640766
65,82.5,55.6875,0.8526341999822762,-0.12991520857376143,2.3244575999997323,,,Extero,Del1,14.33900860749826,sub_0056,30.419720506668092,6.895662000012942,1.9108193990059945
66,53.84615384615385,24.272727272727273,1.4981205999501983,-0.5421687840000836,3.9985794000094756,,,Intero,Del1,16.1363491654439,sub_0057,35.033779573440555,-24.662557163951945,1.2163611927518485
67,76.25,31.6375,1.4367906500119716,0.14764047918153556,2.92381559999194,,,Extero,Del1,15.806548244628805,sub_0057,35.033779573440555,-3.0170316222002374,1.4664952808107892
68,61.25000000000001,42.64556962025316,1.3151736999861896,-0.7815646379269183,4.423221849981928,,,Intero,Del1,17.578326130848026,sub_0058,34.050403678417204,-8.10376376213864,1.8181139833159605
69,71.25,56.675,0.989491949992953,0.10085031460190724,2.8219068000034895,,,Extero,Del1,17.186786225811062,sub_0058,34.050403678417204,-7.169351559894644,1.147278871188349
70,60.0,52.45,0.7841331499803346,-0.4876947201051377,2.1565512500237674,,,Intero,Del1,14.17038513088552,sub_0059,30.47719362179438,-13.507374993368336,1.3253093205417403
71,86.25,59.164556962025316,0.6632611000095494,0.70614032509997,2.123838200001046,,,Extero,Del1,10.784743695828304,sub_0059,30.47719362179438,-3.729761649512629,2.8954687379229727
72,35.8974358974359,41.34615384615385,1.1787573999899905,-0.6754947561253177,4.416443199996138,,,Intero,Del1,15.612585710343629,sub_0060,33.37505032221476,-35.06680538383549,0.5838536199527667
73,88.75,65.175,0.8830972999567166,0.6603343744305032,2.12441655001021,,,Extero,Del1,9.788574946704344,sub_0060,33.37505032221476,-0.931026722163676,3.035177389303363
74,67.08860759493672,39.46835443037975,1.0702302000136117,-0.2742850406204569,3.1153815999859944,,,Intero,Del1,18.85383973583821,sub_0061,39.47861258586248,-7.923042008573523,1.3862730509624883
75,86.25,59.325,0.8048529000079725,-0.277320183877013,2.8070796000247356,,,Extero,Del1,10.236211003375862,sub_0061,39.47861258586248,-8.839620183920864,2.4124393510485675
76,50.63291139240506,31.848101265822784,0.8490845999913291,-0.4918495459304739,3.4966400999692273,,,Intero,Del1,17.999231760976585,sub_0062,30.888437934716542,-17.675371602406926,0.9511440403424543
77,88.75,78.6625,0.7499092000070959,0.5652222187389164,2.1236625499732327,,,Extero,Del1,9.554685571173179,sub_0062,30.888437934716542,5.100635567971528,3.0402666945858248
78,55.00000000000001,57.9,0.8332026000134647,-0.5843245907239978,4.7320094000024255,,,Intero,Del1,18.637198243965283,sub_0063,33.654312789440155,-4.6842199756232015,1.0528940518255752
79,68.75,41.825,0.7937902499979828,-0.031041619539893872,3.9504275499784853,,,Extero,Del1,18.15401100798454,sub_0063,33.654312789440155,4.584978614141443,0.9733638665555465
80,87.5,48.0,1.0363548999885097,-0.34238047474283245,3.123593600001186,,,Intero,Del1,8.972776252756024,sub_0064,37.390867559115094,3.5353917150034024,2.501676686560435
81,86.25,48.1875,0.9104920499958098,-0.2372681292816265,3.090874799992889,,,Extero,Del1,12.417923908328207,sub_0064,37.390867559115094,4.92191349389627,2.291451995638023
82,50.0,47.98717948717949,0.8791770499956328,-0.4918495459304739,2.4399276000040118,,,Intero,Del1,16.426895303713927,sub_0065,28.234857193628947,-29.94385123650731,0.9511440403424543
83,79.74683544303798,62.392405063291136,0.7436605999828316,0.01786632118601622,1.8636004999862053,,,Extero,Del1,14.96754668950748,sub_0065,28.234857193628947,-5.484724854105606,1.6826176168196683
84,55.00000000000001,49.175,1.3632684500189498,-0.5421687840000836,2.908014999993611,,,Intero,Del1,10.639244305274088,sub_0066,30.235274799664815,-18.2849175149283,1.2163611927518485
85,86.25,62.12658227848101,1.1375952999806032,0.025693928592209425,2.4581485000089742,,,Extero,Del1,10.123235175670008,sub_0066,30.235274799664815,4.001491414591486,2.186528904940701
88,73.07692307692307,73.65384615384616,0.894804750016192,0.0019220800913379854,2.6406866000033915,,,Intero,Del1,15.830562256345132,sub_0068,32.598192969957985,-9.263240126514702,1.2711241617420779
89,78.75,73.125,0.8793528999958653,0.565458611250589,1.8320117499970365,,,Extero,Del1,11.827258543266758,sub_0068,32.598192969957985,9.690556460097968,2.292433390518279
90,55.00000000000001,76.8625,0.8460542999964673,-0.5421687840000836,2.7082041999965445,,,Intero,Del1,15.077204618489892,sub_0069,38.38140085538228,-25.061960098069672,1.2163611927518485
91,81.25,71.225,0.7533251499990001,0.011646029210196585,2.6659470000013243,,,Extero,Del1,12.431847082799132,sub_0069,38.38140085538228,4.574170612870415,1.7755777569140747
92,79.74683544303798,62.84415584415584,1.7467560999793932,0.44215499565097605,3.3832989999791607,,,Intero,Del1,12.201179522340762,sub_0070,34.95136096874873,7.579204232391933,2.0827697275006414
93,56.25,43.7375,1.472805049997987,0.1929755612999706,3.4892821500252467,,,Extero,Del1,18.33936100583459,sub_0070,34.95136096874873,-0.2126858426769506,0.4755034759909739
94,78.75,42.9,0.6756249500031117,-0.14926758661396444,2.5235443000274245,,,Intero,Del1,15.071838917765625,sub_0071,26.604302664597828,-6.5343023382629095,1.6798020814533416
95,87.5,71.475,0.5553929500165395,-0.20739180603745727,1.5900372499891091,,,Extero,Del1,13.158822351763472,sub_0071,26.604302664597828,1.8538483433085782,2.380889445867295
96,71.25,64.825,0.984761100000469,-0.6315748368841289,1.857098450011108,,,Intero,Del1,10.282504537445616,sub_0072,27.981856326262157,-13.302481840122164,1.9765628435082816
97,82.5,64.9125,0.7611015999864321,0.5952846152114988,1.6317227499966975,,,Extero,Del1,10.82425381124165,sub_0072,27.981856326262157,-3.2413568225343705,2.4772600412088317
98,63.29113924050633,51.67088607594937,1.3048272999585606,0.27680186050463707,3.148554700019304,,,Intero,Del1,18.562914142695753,sub_0073,32.382680761814115,6.4748113058129215,1.1296387461365542
99,90.0,74.65,1.2113396000058856,-0.028526098260278743,2.0492616500123404,,,Extero,Del1,10.717862180671515,sub_0073,32.382680761814115,-3.289988042539765,2.5612912370509964
100,70.12987012987013,47.73684210526316,1.891296349989716,-0.07199896793629948,3.997974300000351,,,Intero,Del1,17.097848789055938,sub_0074,34.076473689079286,4.567975030003124,1.051522316212358
101,92.5,75.34177215189874,0.9681261999648996,-0.03984438152386849,2.34151140000904,,,Extero,Del1,10.721153400583834,sub_0074,34.076473689079286,2.146509333182057,2.875361820989945
102,60.75949367088608,61.3974358974359,1.3860049000068104,0.3113212838726771,3.7314501000219034,,,Intero,Del1,18.442678989590377,sub_0075,39.07926098108292,10.3900582707945,1.0605998994004742
103,85.0,68.9113924050633,1.014857700036373,0.05969372505948689,2.965358500019647,,,Extero,Del1,10.615228611156963,sub_0075,39.07926098108292,10.61793604314212,2.085493283911355
104,44.303797468354425,44.81012658227848,1.5718755000270903,-0.8111871448861955,5.815605000010692,,,Intero,Del1,18.764899977557175,sub_0076,35.68313651482264,-7.111336959372874,1.1436139644288852
105,88.31168831168831,49.493506493506494,1.4962932000053115,-0.1923964774738759,2.3835227000527084,,,Extero,Del1,12.423997129125128,sub_0076,35.68313651482264,5.751265398136718,2.381195299253524
106,44.303797468354425,45.03846153846154,1.1076348499627784,-0.5163333520599308,3.2824793000472714,,,Intero,Del1,18.778332365851053,sub_0077,32.03617450793584,-17.556855117750768,0.49675264345291265
107,88.75,63.825,0.8250485499738716,0.1869113233583093,1.9734919499605896,,,Extero,Del1,11.989151467964199,sub_0077,32.03617450793584,-1.52138165160128,2.4783310978290762
108,85.0,49.65,1.4374550000065938,-0.10788004465126383,2.6462562499800697,,,Intero,Del1,12.060212561024535,sub_0078,37.194859000047046,-10.106773330027776,2.084938671449488
109,81.25,72.7,1.0327375499764457,0.3047599896253588,1.696737049962394,,,Extero,Del1,14.541127866491642,sub_0078,37.194859000047046,2.442155567061421,1.9907868874761299
110,49.36708860759494,52.50632911392405,1.2838286999613049,-0.5081357042690317,2.6645868000341584,,,Intero,Del1,13.483436781062059,sub_0079,29.86067478656769,-25.75350116575124,0.9185717236653387
111,81.25,52.0625,1.0155848999856971,-0.12311725022447423,2.040076899982523,,,Extero,Del1,13.997027563622806,sub_0079,29.86067478656769,2.85983971308364,1.7939179651234545
112,56.25,49.0375,1.1612677500233985,-0.43281298350349806,2.6573095499770716,,,Intero,Del1,15.333952287984527,sub_0080,34.46960096756617,-16.505197589116786,1.069217165196406
113,82.5,62.7625,0.9552945499890484,0.5641266702715544,2.1566706499434076,,,Extero,Del1,13.310196250471279,sub_0080,34.46960096756617,-4.6827772277519415,2.477232840935272
114,56.25,32.43037974683544,2.2146541000111033,-0.5403322300287761,3.8731834499631077,,,Intero,Del1,10.390882614488019,sub_0081,35.11130959987641,-16.279303143177415,1.2200343006944636
115,80.0,32.835443037974684,1.89673010003753,-0.6061294524564447,2.4808871499844827,,,Extero,Del1,17.094511852259554,sub_0081,35.11130959987641,2.768582949360584,2.3600522176092635
116,77.21518987341773,57.56410256410256,1.3280083499848843,-0.018762907480561752,4.01533169997856,,,Intero,Del1,16.30847406662082,sub_0082,32.643445726235704,-3.3514603007852366,1.5101576497133824
117,70.88607594936708,59.949367088607595,1.1629618000006303,0.2765041182508123,2.8988817000063136,,,Extero,Del1,16.183200414527544,sub_0082,32.643445726235704,10.95896792602928,1.3818348957017776
118,44.0,54.309859154929576,1.566971000051126,-0.7765894256065036,4.813894800026901,,,Intero,Del1,18.660594804597253,sub_0083,34.22501035531362,-19.786162081771575,1.212809402988269
119,82.5,65.6625,1.079917699971702,0.4298153970782323,2.1752828999306075,,,Extero,Del1,13.509016790283905,sub_0083,34.22501035531362,-0.8228189574253562,2.208610294548628
122,68.35443037974683,37.70886075949367,1.0611348000820726,-0.07420243148004921,3.2987105000065644,,,Intero,Del1,17.180423027868226,sub_0085,32.003664096196495,-6.585686585878581,1.0098594615510135
123,83.75,51.25316455696203,0.8751295000547543,0.2365116137608968,3.548778600001242,,,Extero,Del1,11.59630292829906,sub_0085,32.003664096196495,10.308887892207764,2.1272836392050536
124,55.00000000000001,66.95,1.1851609499426559,-0.442973741520505,3.674280249979347,,,Intero,Del1,12.471129257777314,sub_0086,33.75547440052033,-18.46400440411572,1.048895649162392
125,72.5,74.0379746835443,1.037632399937138,0.2796964805021731,2.6818181500420906,,,Extero,Del1,10.878201964841123,sub_0086,33.75547440052033,10.107886634720401,1.5134738179832334
126,57.692307692307686,24.141025641025642,1.277038000000175,-0.393704598154498,3.631099699996412,,,Intero,Del1,18.246847527821934,sub_0087,30.710036714871723,-8.143042617410616,1.1474339358944061
127,56.25,25.125,1.1038499000133015,0.7068524689474615,2.5154584000702016,,,Extero,Del1,18.246994431969945,sub_0087,30.710036714871723,0.9749001437522948,1.516762647476123
128,68.0,51.53333333333333,0.8232555000577122,0.12085861889778027,3.9821411999873817,,,Intero,Del1,18.339534815988134,sub_0088,34.71843614180883,6.626297417424301,0.8901804060701657
129,92.5,77.375,0.8129007500829175,-0.05323795761365102,1.9828055999823846,,,Extero,Del1,9.211869165826256,sub_0088,34.71843614180883,4.913071726322016,2.872464169428578
130,62.0253164556962,41.63291139240506,0.9417319999774918,-0.3368636143924044,3.7989703000057484,,,Intero,Del1,18.085089013856326,sub_0090,34.10815637906392,-6.183594409765052,1.0095152383610198
131,91.25,54.025,0.850747849966865,-0.16561595469655355,2.2300291000283323,,,Extero,Del1,6.417736132970562,sub_0090,34.10815637906392,-6.209679399193734,2.79822103333049
132,60.0,43.8,0.9649819500045851,-0.6064047014941345,3.1846734999562614,,,Intero,Del1,15.779851214021384,sub_0091,29.17998186349869,-19.540362157391968,1.5531788512130071
133,83.75,48.2875,0.924463149975054,0.7276188672071771,2.1989652999909595,,,Extero,Del1,10.729549797604534,sub_0091,29.17998186349869,-3.4016700895829457,2.7735238086407663
134,88.75,53.35443037974684,1.872721299994737,0.06560109258429625,4.524377800000366,,,Intero,Del1,14.076612961964017,sub_0092,38.027051377296445,12.658466447016007,2.4319009459206082
135,82.5,57.625,1.439167600008659,0.3047897529621875,3.1053137500421144,,,Extero,Del1,13.499537195231195,sub_0092,38.027051377296445,-10.952678292636627,2.060775966313499
136,36.708860759493675,50.46835443037975,1.1547443999443203,-0.6754947561253177,3.2969411999220033,,,Intero,Del1,18.88148053107657,sub_0093,28.69729464451472,-31.662597551529352,0.5838536199527667
137,92.5,71.2,0.8116105499793775,0.06672901136416831,1.8492000499973074,,,Extero,Del1,9.609078124818671,sub_0093,28.69729464451472,-4.884598489383836,2.868713869359713
138,47.43589743589743,80.17948717948718,0.7485974499722943,-0.524447824581196,2.899510749964975,,,Intero,Del1,9.255022162676331,sub_0094,28.117696066697437,-25.664176073506102,0.8859474830410101
139,81.25,90.1375,0.6373890999821015,-0.7402230165226364,1.8651159999426452,,,Extero,Del1,12.392584403022957,sub_0094,28.117696066697437,-4.064191908663313,2.6593576287448295
140,80.0,29.9125,0.8985424499842338,-0.017866321186016165,4.407818550011143,,,Intero,Del1,11.094594309538548,sub_0095,33.29238719940186,-8.893257653589112,1.6826176168196687
141,82.5,41.6625,0.842365049989894,0.18604405285238407,3.1172749000252225,,,Extero,Del1,12.989220500900196,sub_0095,33.29238719940186,6.452006937394283,1.9658095833581957
142,72.36842105263158,55.21333333333333,1.0929921999340877,-0.668843821728991,3.480959400010761,,,Intero,Del1,15.585472618171833,sub_0096,35.62130014101664,-14.24127070406815,2.043555615711815
143,82.5,62.8,0.9576543999719433,0.5797512778684273,2.057810749975033,,,Extero,Del1,9.404116972415373,sub_0096,35.62130014101664,-0.7375709021865723,2.4777886299632668
144,70.0,53.2625,1.007310899964068,-0.6740578943457871,2.9413649999769405,,,Intero,Del1,16.95032586700821,sub_0097,33.33271486759186,-7.991075995260809,1.9415914652113702
145,73.07692307692307,45.294871794871796,1.0806098999455571,-0.05971762009791293,3.38151774997823,,,Extero,Del1,18.91745321507974,sub_0097,33.33271486759186,-4.179358486926257,1.3531965945564335
146,76.25,34.55,0.7862459499738179,-0.47191432871746214,2.232327700010501,,,Intero,Del1,16.919271934574653,sub_0098,28.267281981309257,-5.600685734816387,1.9083250871107706
147,78.75,51.475,0.6779931500204839,0.12822895210631224,1.8990933999884874,,,Extero,Del1,13.766723411383285,sub_0098,28.267281981309257,11.552957048106515,1.640612177440651
148,53.75,60.65,1.002746650017798,-0.4592858618326693,2.4566232999786735,,,Intero,Del1,17.097960618558414,sub_0099,28.70655118227005,-15.774750364807401,1.0162714085380635
149,91.25,91.325,0.7094214499811642,0.5753843980835925,1.6498204999952577,,,Extero,Del1,10.492469641526707,sub_0099,28.70655118227005,-3.146903289886429,3.2050773419971845
150,71.25,59.125,0.9420445500290952,-0.2356479714441794,3.1654730499722064,,,Intero,Del1,18.19390107171397,sub_0100,28.845796577135722,3.680146338595558,1.258492774482207
151,83.75,70.925,0.9201756499824114,-0.39626325024551495,1.9401611000066623,,,Extero,Del1,9.198939943377964,sub_0100,28.845796577135722,-8.980437160251563,2.2757145882140626
152,75.0,52.775,1.0257767000002787,0.6765322049878317,1.9483611499890685,,,Intero,Del1,15.3154524836761,sub_0101,26.281289943059285,12.736603904703793,2.1483077325286764
153,78.75,66.15,0.6953800499904901,0.7613390154784272,1.814835699973628,,,Extero,Del1,11.917730703855435,sub_0101,26.281289943059285,10.14586654534427,2.550990232445922
154,58.97435897435898,12.558441558441558,2.0877593000186607,-0.3771094130373649,5.498710899963044,,,Intero,Del1,18.524475353661664,sub_0102,38.56806628306707,-14.579683363297107,1.1806243061286723
155,75.0,34.1,1.8931860000011511,-0.30217212584557235,3.7993847000179812,,,Extero,Del1,16.209463687376278,sub_0102,38.56806628306707,4.849571950664275,1.5749797122010691
156,53.246753246753244,61.12987012987013,1.1125687999883669,0.10521419712396235,3.731715200003237,,,Intero,Del1,18.218735108296713,sub_0103,38.494655176003775,-4.846023878286963,0.2104283942479247
157,87.34177215189874,65.75949367088607,1.1787676999811083,0.5687534109978141,2.3479076999938115,,,Extero,Del1,11.826084081449823,sub_0103,38.494655176003775,-2.319066891510128,2.6669261695684026
158,67.5,25.303797468354432,1.3733466999838129,-0.7422226619851886,3.4561514499946497,,,Intero,Del1,11.806925670973994,sub_0104,35.79947311083476,-13.770664532369919,2.053204753067036
159,82.5,51.8375,1.1735082499799319,-0.1345751915319356,2.0325063499622047,,,Extero,Del1,12.585034129272652,sub_0104,35.79947311083476,-8.604226053258603,1.9523928502096997
160,87.17948717948718,51.935064935064936,1.0850267000496387,0.2526384280183267,3.123684950172901,,,Intero,Del1,12.517338036175587,sub_0105,39.845123020807904,-2.2615457229838856,2.290396201905555
161,70.0,60.2,0.8370475500123575,0.7027873655013512,2.2306326499674474,,,Extero,Del1,10.459531801345497,sub_0105,39.845123020807904,12.210405633518945,2.1320753460347106
162,75.9493670886076,55.392405063291136,1.3094657000619918,-0.8112104010506557,2.9961123999673878,,,Intero,Del1,12.5331501826916,sub_0106,32.522354332606,-13.945694253853762,2.451247461301464
163,71.25,43.2,1.1714225499890745,0.5886312134051099,2.956605999963358,,,Extero,Del1,18.02194768657721,sub_0106,32.522354332606,5.615368957168582,1.9521905159133777
164,87.34177215189874,47.88461538461539,0.7834594999440014,0.12255908802540527,4.382547700079158,,,Intero,Del1,11.509568819780776,sub_0107,36.1026473124822,-5.946013314034898,2.31798495503839
165,80.0,42.55,0.9151685499818996,-0.25555236004981213,2.907640999997966,,,Extero,Del1,15.973658395733265,sub_0107,36.1026473124822,3.2150245054739983,1.8267929689633395
166,75.0,69.85,0.7615900501841679,0.8005502508782145,2.4657498000888154,,,Intero,Del1,15.828270530254152,sub_0108,27.115819732348125,0.8530572145697968,2.3997466364555313
167,86.25,69.35,0.6287854999536648,-0.36879914285533016,1.840253949980252,,,Extero,Del1,12.471928800199569,sub_0108,27.115819732348125,8.834941888162117,2.420840752856489
168,64.55696202531645,8.153846153846153,1.1137180000077933,-0.13273701101056404,2.4323251000605524,,,Intero,Del1,17.397337359483338,sub_0109,29.689121250311533,2.492743157781668,0.8173161482370479
169,70.0,26.4375,1.1313022000249475,0.42417549419107947,2.006782699842006,,,Extero,Del1,16.075840728206124,sub_0109,29.689121250311533,9.245320377117528,1.5929297093125412
170,75.9493670886076,54.18987341772152,0.7583697000518441,0.10304910407677326,3.617902100086212,,,Intero,Del1,16.143151105052787,sub_0110,38.802916538715365,5.4856916670467015,1.3920673161168107
171,72.5,41.8,0.7724898499436677,0.10479303505550697,2.5906896500382572,,,Extero,Del1,12.304611490027733,sub_0110,38.802916538715365,9.71324973481972,1.2334584978536727
172,77.5,71.1625,1.26945379999961,-0.6087541476888556,2.190746849995776,,,Intero,Del1,10.20505208051564,sub_0111,34.13708746830623,-12.627664290132758,2.2458204968667794
173,80.0,68.65,1.1636093000015535,-0.25555236004981213,1.998116449998634,,,Extero,Del1,16.42292330799075,sub_0111,34.13708746830623,-3.490170725418043,1.8267929689633395
174,55.84415584415584,48.01298701298701,0.9016273000015644,-0.3381666034415842,4.266064199997345,,,Intero,Del1,18.09520132732536,sub_0112,33.87234488328298,-11.917291763427752,0.8530861406896058
175,88.60759493670885,63.91139240506329,0.7749570000014501,0.503023978259086,2.4167326999959187,,,Extero,Del1,9.469300765420812,sub_0112,33.87234488328298,6.0458924527567985,2.8229636935929427
176,82.27848101265823,54.36708860759494,0.7296401999992668,0.5777776184987029,2.1641419000006863,,,Intero,Del1,11.842982502416325,sub_0113,29.22968061765035,5.959907862279628,2.416755885524748
177,67.5,44.05,0.6882112999992387,0.7902837663400575,1.9247438999991573,,,Extero,Del1,18.060594155684782,sub_0113,29.22968061765035,1.918226037855946,2.0872617389517143
178,81.0126582278481,44.050632911392405,1.0697908000001917,-0.06391761575263671,2.5492579999990994,,,Intero,Del1,15.892714078438846,sub_0114,28.545767446358997,2.868587552379754,1.7747202059529097
179,78.75,54.875,0.9570006499998271,0.31336284362367345,1.8562829500006046,,,Extero,Del1,13.928244190282516,sub_0114,28.545767446358997,10.559816924728027,1.8570078964392933
180,87.5,60.8375,1.1099147500026447,-0.0,3.1321668999989924,,,Intero,Del1,10.543274801665547,sub_0115,29.018550086021424,-1.5479443765312613,2.3006987607520157
181,73.75,61.675,0.9343554000006407,0.07527433912256415,2.048660899996321,,,Extero,Del1,15.988079545276976,sub_0115,29.018550086021424,-6.389259171914313,1.2824463221108546
182,73.33333333333333,53.21333333333333,1.0226376999999047,0.23886528462096382,5.449470899999142,,,Intero,Del1,18.660361460604943,sub_0116,33.55176355044047,5.5099527135361255,1.3391851678328426
183,83.75,56.225,0.9143340500013437,0.06627452160936603,3.416231000002881,,,Extero,Del1,10.182580912298658,sub_0116,33.55176355044047,-5.864536308535232,1.9494647802935026
184,67.5,77.8974358974359,0.9844609000065248,-0.2742850406204569,2.9239094500007923,,,Intero,Del1,18.917005471066002,sub_0117,31.581429266929625,-8.953623239953405,1.3862730509624883
185,88.60759493670885,85.39240506329114,0.8326805000106106,0.5580055776665047,2.4156659000000222,,,Extero,Del1,9.29464054296026,sub_0117,31.581429266929625,5.96777136965879,2.957657108069767
186,48.75,51.75,1.0599077500010023,-0.524447824581196,3.107455250006751,,,Intero,Del1,16.227009301345976,sub_0118,32.27951860030492,-33.145297812928504,0.8859474830410101
187,81.25,64.75,0.8148417499978677,0.10575467995957955,2.147235650001676,,,Extero,Del1,13.822317587886744,sub_0118,32.27951860030492,-8.151863473749179,1.7947865754059082
188,60.75949367088608,42.45569620253165,1.1294039000058549,0.13057588734783676,3.349870600010036,,,Intero,Del1,18.23539047663017,sub_0119,34.71237493356069,-3.3091161561847637,0.674245823533343
189,82.5,66.7625,1.0276292999988073,0.6107623004188636,2.641258400006336,,,Extero,Del1,12.193238063450256,sub_0119,34.71237493356069,-5.402027479377496,2.475667976165091
190,80.0,46.63291139240506,1.8625713000074031,-0.7674095079043645,3.340732199998456,,,Intero,Del1,13.694511616581204,sub_0120,35.97215301990509,-9.606701888372283,2.6049846459813732
191,87.5,56.2,1.2597382999956608,-0.34238047474283245,2.37372509999841,,,Extero,Del1,12.589155901997595,sub_0120,35.97215301990509,5.705827512336918,2.501676686560435
192,75.32467532467533,69.18666666666667,1.333630400011316,-0.03495220180642228,3.948317800008226,,,Intero,Del1,17.095210600450066,sub_0122,38.64501052300135,1.3612325227719932,1.279075096779319
193,74.68354430379746,71.1025641025641,1.2364877499931026,0.22663273267858353,2.7788625000102907,,,Extero,Del1,18.35235596086097,sub_0122,38.64501052300135,5.259174601593734,1.481577666846235
194,32.5,35.7375,0.7123532999976305,-0.7477804750049498,2.6994949500076473,,,Intero,Del1,18.713022917656804,sub_0123,28.421320243676504,-38.65364992685869,0.43928218219350246
195,76.25,39.575,0.6543526500026928,0.6516147616016031,1.9660043500043685,,,Extero,Del1,16.238788327082435,sub_0123,28.421320243676504,-2.0628502596332066,2.1981426193011337
196,77.5,28.666666666666668,0.997875250002835,-0.769790273626096,3.740914549998706,,,Intero,Del1,12.525615994481091,sub_0124,33.741787966092424,-11.879135898927634,2.4985918539140926
197,90.0,39.5875,0.9874493499955861,-0.0,3.00779545000114,,,Extero,Del1,8.339056214472757,sub_0124,33.741787966092424,3.6949703458849896,2.5631031310892007
198,80.0,18.0125,0.753468600101769,-0.7515090219248042,2.7069642001297325,,,Intero,Del1,12.599174272546453,sub_0126,31.924795715014138,-13.689955484195716,2.6044797774140367
199,85.0,60.5625,0.7195521998219192,0.2039503108352969,2.0823327500838786,,,Extero,Del1,9.912891046386981,sub_0126,31.924795715014138,-1.4330050469895612,2.126250880862295
200,74.68354430379746,47.30379746835443,0.7945725000463426,-0.2627136063307,3.0165724996477365,,,Intero,Del1,15.091631052989303,sub_0127,34.68823023637136,-11.781588096533016,1.5633903770837918
201,63.74999999999999,61.4625,0.6586990500800312,0.3249722248450441,2.4731163000687957,,,Extero,Del1,17.625298594015497,sub_0127,34.68823023637136,7.785636041074773,1.1243486683476636
202,51.89873417721519,58.24050632911393,0.9390716003254056,-0.5751746901880039,2.266443199943751,,,Intero,Del1,11.467112578674849,sub_0128,29.038852941989898,-25.554970588520778,1.1503493803760079
203,66.25,57.725,0.9951337000820786,0.40869519225779594,2.2816512500867248,,,Extero,Del1,13.917574309144245,sub_0128,29.038852941989898,12.980470650596647,1.4041528487579789
204,62.0253164556962,44.0253164556962,1.2627893001772463,0.42124575602263686,4.249095699749887,,,Intero,Del1,18.39194934256858,sub_0129,32.71149576107661,6.88299115646254,1.2926495357110093
205,76.25,49.225,1.1764467500615865,0.24971350101815104,2.807883950183168,,,Extero,Del1,14.542985013298928,sub_0129,32.71149576107661,-4.688889490363693,1.5604865224144344
206,51.24999999999999,47.875,0.6788815502077341,-0.4918495459304739,2.624332499690354,,,Intero,Del1,14.912321405950728,sub_0130,29.13745723962784,-29.136726283199955,0.9511440403424543
207,87.5,64.7875,0.5990526499226689,0.030401368274650564,1.8309754999354482,,,Extero,Del1,10.235101100216747,sub_0130,29.13745723962784,-2.112810384430202,2.298719498674421
208,66.25,54.8,1.190239300020039,-0.2919268099763834,3.3076289501041174,,,Intero,Del1,18.87080567728198,sub_0131,30.804465548197427,-8.537235512573595,1.3509895122506355
209,86.25,79.9125,0.7958549498580396,0.05695799544110902,1.7570799498353153,,,Extero,Del1,10.96191318093194,sub_0131,30.804465548197427,-4.8595687064037385,2.1867827698697977
210,45.0,50.8,1.3695826497860253,-0.49812091404127107,3.2318634500261396,,,Intero,Del1,18.630315732156078,sub_0132,32.70149126847585,-15.125099147373035,0.5331775194902321
211,81.25,65.3875,1.1239579499233514,-0.011646029210196585,2.407284950139001,,,Extero,Del1,13.561746206314421,sub_0132,32.70149126847585,-7.492107816506669,1.7755777569140747
212,51.89873417721519,71.89873417721519,0.7587941000238061,0.8193769999833108,2.5983028998598456,,,Intero,Del1,18.652745879210173,sub_0133,31.257274560133617,7.949644321762125,1.429487088738471
213,85.0,75.7625,0.6566307498142123,0.7541313142302357,1.6997472499497235,,,Extero,Del1,9.63994355104036,sub_0133,31.257274560133617,0.9009350051714948,2.8239508773241866
214,92.20779220779221,48.48051948051948,0.9188230000436306,0.4753478217282634,3.2816885001957417,,,Intero,Del1,12.358419408296536,sub_0134,30.85197930733363,-7.455600259071968,2.828324277210333
215,85.8974358974359,55.03846153846154,0.8848707498982549,-0.3537360755703101,2.224965750006959,,,Extero,Del1,10.245051502103577,sub_0134,30.85197930733363,0.5335229457602748,2.421980791582977
216,50.0,47.58904109589041,0.7876019999384879,-0.632419966272926,3.3671178999356925,,,Intero,Del1,18.16701907357307,sub_0135,32.110609789689384,-14.624504889468307,1.2982631985433488
217,75.9493670886076,60.282051282051285,0.6293099001049995,-0.17689510518441626,1.882836500182748,,,Extero,Del1,16.046058734208774,sub_0135,32.110609789689384,3.204779657300985,1.504008772925709
218,77.5,42.95,0.9322811998426915,-0.6087541476888556,2.4074671999551356,,,Intero,Del1,12.968893361004213,sub_0136,28.85522777636846,-12.590294596459264,2.2458204968667794
219,86.25,66.3,0.7931779501959682,0.6779260099981497,2.098525899928063,,,Extero,Del1,12.909362606283699,sub_0136,28.85522777636846,-7.502741399303133,2.9002384483736687
220,83.75,56.0125,0.8385527499485761,-0.5332135866815306,2.2732188501395285,,,Intero,Del1,13.0765756766694,sub_0137,29.222181340058643,-3.355661130029214,2.5390590081153204
221,83.75,61.6375,0.9198701500426978,0.19757292895905715,1.8907332499511542,,,Extero,Del1,13.495637394724225,sub_0137,29.222181340058643,8.501743630067857,2.046134839776586
222,70.88607594936708,36.848101265822784,0.7944503999315202,-0.8123457750604012,3.333051000256092,,,Intero,Del1,15.468513458285338,sub_0138,29.295514404773712,-8.916099534054574,2.251171471584857
223,66.25,45.15,0.6791049500461668,0.07696552028875436,2.2077975501306355,,,Extero,Del1,18.540673040833976,sub_0138,29.295514404773712,4.715070583164393,0.9288591296806668
226,80.76923076923077,63.73076923076923,0.7249944498762488,0.6501704336829175,3.3146912502124906,,,Intero,Del1,16.497684914126598,sub_0140,30.621952923138938,5.546452985851187,2.3051453141125458
227,75.0,66.5375,0.6705422501545399,0.6586255332610843,2.5722823499236256,,,Extero,Del1,17.029937108824935,sub_0140,30.621952923138938,2.144096805675918,2.1460777257223214
228,81.0126582278481,78.44303797468355,0.7249707002192736,-0.14535246763652232,2.06691010016948,,,Intero,Del1,15.104515169457375,sub_0142,25.77428909142812,-2.113981352002374,1.7155910000520227
229,90.0,85.0375,0.7285149001982063,0.39051288231163395,1.5997901502996683,,,Extero,Del1,10.469967449062512,sub_0142,25.77428909142812,-0.7224815232692035,2.9161668123795503
232,78.75,45.70886075949367,1.4986534998752177,-0.25195296029073844,3.374388199998066,,,Intero,Del1,14.191155925111552,sub_0144,32.93314952850342,-0.13550441830931753,1.7580492959088398
233,72.5,44.35,1.1360047000925988,0.3359226140318271,2.4992498499341314,,,Extero,Del1,16.925611920313457,sub_0144,32.93314952850342,-2.5887070790374627,1.4632958196926287
234,85.0,46.2625,1.0368447001092136,0.18798833550918936,2.165870049968362,,,Intero,Del1,12.576586715685208,sub_0145,26.678187104066215,-6.708428435450556,2.1282623695120604
235,83.75,58.2625,0.8191615499090403,0.39626325024551495,1.6905738501809537,,,Extero,Del1,13.699639988483966,sub_0145,26.678187104066215,-1.4643185144000102,2.2757145882140626
236,60.75949367088608,30.423076923076923,2.1075980998575687,-0.21609730171882813,3.916025099810213,,,Intero,Del1,18.50793839857065,sub_0146,36.65496282974879,0.2365383447516195,0.6505955668205197
237,67.5,64.59493670886076,1.5049423002637925,0.3190651095617894,2.398838449968025,,,Extero,Del1,16.68964279508202,sub_0146,36.65496282974879,6.430548442552755,1.2967129130798232
238,73.07692307692307,49.22077922077922,1.2523300000466406,-0.11422286199814877,2.8903396499808878,,,Intero,Del1,16.892048605614953,sub_0147,32.008668740590416,-8.92245644360719,1.1686056966938225
239,81.25,72.58227848101266,0.9262678003869952,-0.4454287359652983,1.7746587502770126,,,Extero,Del1,14.691504253435689,sub_0147,32.008668740590416,4.212922189694579,2.1450008472579594
240,51.24999999999999,76.7125,0.9052065499126911,-0.7253963712709368,3.707432850031182,,,Intero,Del1,18.524377530906204,sub_0148,31.319486367702485,-6.7362368345785475,1.3151955116594025
241,82.5,83.025,0.8899586000479758,0.39739169160196874,2.074021500069648,,,Extero,Del1,13.47474669897742,sub_0148,31.319486367702485,-7.3390909863808576,2.2073885088841125
242,58.75,36.7,0.8080458000767976,0.1675916335081732,2.62404695013538,,,Intero,Del1,17.695554067238422,sub_0149,30.564170030752816,13.460985843503446,0.623828039645554
243,80.0,43.3375,0.7458354497794062,0.6224291639497957,2.2072923998348415,,,Extero,Del1,11.395567221502189,sub_0149,30.564170030752816,2.645134106392976,2.360627853578789
244,63.63636363636363,41.935064935064936,1.5255251000635326,0.2941370652185572,4.3631265996955335,,,Intero,Del1,18.045341102297378,sub_0150,32.491191891829175,12.21257234445041,1.094968336708714
245,65.0,55.67088607594937,1.413250199984759,0.5799605825649871,2.73972210008651,,,Extero,Del1,18.489115266546854,sub_0150,32.491191891829175,-0.5354964594816651,1.45842226844158
246,78.75,44.8875,1.095106050139293,0.7938268080285642,1.8823758999351412,,,Intero,Del1,14.151170597744072,sub_0151,28.72909474770228,7.890448523365978,2.552150045732975
247,90.0,59.6375,0.7289903501514345,-0.4446615791686619,2.2236803001724184,,,Extero,Del1,11.507444208670304,sub_0151,28.72909474770228,0.6769283236771244,2.915109833226707
248,50.0,40.9875,0.8472877501044422,-0.5081357042690317,2.164716149913147,,,Intero,Del1,14.470637218019846,sub_0153,27.980749972661336,-17.337752425119394,0.9185717236653387
249,86.25,70.6625,0.7152779998723418,0.7202542613488836,1.6991296499036252,,,Extero,Del1,10.323958531800919,sub_0153,27.980749972661336,-2.744786003117847,2.891704983086891
250,53.75,61.7,1.0977999998722225,-0.632419966272926,1.8813019499648362,,,Intero,Del1,13.601832651345456,sub_0154,27.333787631988525,-26.87808623747364,1.2982631985433488
251,83.75,61.5625,1.1658980501815677,-0.10494034704035715,1.9491411501076072,,,Extero,Del1,14.018105074551725,sub_0154,27.333787631988525,-9.055530477330992,1.9950000399496157
252,58.97435897435898,61.35064935064935,0.8033219999997527,-0.6972051227353421,2.7308006500002193,,,Intero,Del1,16.892189034514534,sub_0155,28.580190400282543,-16.452691723275517,1.6738308432344084
253,85.0,80.3125,0.7448914500000683,0.24722395985474138,1.7912802000005286,,,Extero,Del1,14.055352320823092,sub_0155,28.580190400282543,-7.2480170750981525,2.2089565601518393
254,68.35443037974683,50.10126582278481,0.7858393999995315,-0.20692024635242773,2.8493490000000747,,,Intero,Del1,17.691262229933947,sub_0156,32.60311742226283,4.872170286111633,1.091617095811484
255,57.49999999999999,25.05,0.720348699999704,0.2054052864050997,2.941376699999637,,,Extero,Del1,18.332862716727,sub_0156,32.60311742226283,10.8164953630694,0.7210870710555268
256,80.26315789473685,59.71052631578947,1.230703999999605,0.09142981917141157,5.166072099998928,,,Intero,Del1,14.63158663984228,sub_0157,34.58068619966507,8.453563703971492,1.634056098731947
257,85.0,58.175,1.138800849998006,-0.17204628429272795,3.2247483499995724,,,Extero,Del1,11.522739921766881,sub_0157,34.58068619966507,9.039889790445807,2.1292119144543573
258,69.62025316455697,76.0379746835443,0.7611011000008148,-0.4456745009346137,3.4989725999985244,,,Intero,Del1,15.557283350002178,sub_0158,29.121861525376637,-12.144653434167182,1.5499316958254719
259,78.75,67.1375,0.7659680500000832,-0.25195296029073844,2.524935599998571,,,Extero,Del1,10.582200786581083,sub_0158,29.121861525376637,1.7832875946593338,1.7580492959088398
260,91.25,52.625,0.7237589999986085,-0.07898995269692799,2.315424399999756,,,Intero,Del1,10.346085778381788,sub_0159,26.55232717990875,-10.84657982408449,2.7210830364830567
261,67.5,57.3125,0.6457176500007336,-0.1479495597174467,2.2241706999993767,,,Extero,Del1,16.7896028605185,sub_0159,26.55232717990875,3.276166221826019,0.9619093158294865
262,51.24999999999999,71.9493670886076,0.8452832000002672,-0.4918495459304739,2.7738099500002136,,,Intero,Del1,10.525835379179359,sub_0160,29.83409821589788,-15.891313503098814,0.9511440403424543
263,71.25,70.575,0.9057531500002368,0.4481155495685163,2.707739350000338,,,Extero,Del1,17.633148373387357,sub_0160,29.83409821589788,7.42472422664397,1.6668720319521682
264,51.94805194805194,52.11842105263158,1.4912748499991721,-0.4667708653491046,4.615871800000606,,,Intero,Del1,17.89180769112014,sub_0161,35.74016702572505,-26.0803571008851,1.0013014015051929
265,90.0,63.2125,1.1780260500017903,0.6195543761026407,2.6652681499945174,,,Extero,Del1,10.871063568709284,sub_0161,35.74016702572505,-6.9470340949577905,3.116737385959088
266,80.0,76.125,0.6530327000000398,0.09191268352012533,1.6404517500013753,,,Intero,Del1,15.763199748092394,sub_0162,25.33312073548635,6.495625296833262,1.7132447146130247
267,85.0,81.15,0.6185811499999545,0.263003344871387,1.5228437500009022,,,Extero,Del1,11.926151957072284,sub_0162,25.33312073548635,-1.0706123357960988,2.2092491568886024
268,55.69620253164557,85.12658227848101,0.7167551000020467,-0.3768251282565462,3.3495140000013635,,,Intero,Del1,18.262510506864785,sub_0163,29.714131605625152,-5.0538351126433865,0.8296269589736568
269,82.5,90.21518987341773,0.7120281000388786,0.39739169160196874,2.105143599997973,,,Extero,Del1,10.004159937767882,sub_0163,29.714131605625152,2.917056510804008,2.2073885088841125
270,79.74683544303798,46.41025641025641,0.7557454500056338,-0.44215499565097605,3.6994573000120003,,,Intero,Del1,15.303238160961607,sub_0164,28.842973260084786,-1.6257363138594978,2.0827697275006414
271,86.07594936708861,63.607594936708864,0.6779389000148512,-0.1040923279579169,2.383198599971365,,,Extero,Del1,10.046321186230779,sub_0164,28.842973260084786,9.250184451880644,2.179405489650373
272,55.69620253164557,35.9746835443038,1.1330039000022225,0.04509875288704901,3.2496304999804124,,,Intero,Del1,18.152016249327048,sub_0165,30.514707458019256,-5.588798476432196,0.2833147363533762
273,82.5,47.5,0.9528617000032682,0.38100878770947677,2.057022799999686,,,Extero,Del1,9.64934158566231,sub_0165,30.514707458019256,10.762335124427056,2.20506214338364
274,67.5,53.7375,0.7627994000067702,-0.0718640334680965,2.3240835499964305,,,Intero,Del1,12.29103111490808,sub_0166,29.617941391468047,3.158627612804768,0.9206513949024157
275,60.0,50.6625,0.7683219499958795,0.5483422689625789,1.9826963500017882,,,Extero,Del1,18.35807712139448,sub_0166,29.617941391468047,14.164422864693645,1.466418593164043
276,72.5,86.3625,0.7043241999635939,-0.2759328650925514,2.3322424000070896,,,Intero,Del1,18.734590060413595,sub_0168,27.157640063762663,-10.303275181326557,1.5832753175711796
277,83.75,84.9,0.6819275000016205,0.12140776590785962,1.789647449972108,,,Extero,Del1,13.669215513244007,sub_0168,27.157640063762663,2.0300387889271025,1.995101230309401
278,51.24999999999999,47.0875,1.1500477000081446,0.491849545930474,1.8991596999985632,,,Intero,Del1,10.69695378501981,sub_0169,27.567922027905784,20.554229236370308,0.9511440403424541
279,87.5,52.6875,0.9323834500100929,0.2373995767718779,1.807122949976474,,,Extero,Del1,9.265913766693828,sub_0169,27.567922027905784,-5.897732652578116,2.377354591001939
280,50.63291139240506,37.91025641025641,1.1816089999920223,0.749694256599134,3.7819633000181057,,,Intero,Del1,18.76108835534184,sub_0170,42.456792771816254,5.5740024712121,1.170966959039606
281,60.75949367088608,48.38461538461539,1.0181630999722984,-0.3308044318901046,3.4498382000019774,,,Extero,Del1,18.270682656526912,sub_0170,42.456792771816254,-7.032381957250812,1.0216336033656195
282,60.0,64.65,0.9298355000209995,0.3721235457290271,1.999121350061614,,,Intero,Del1,16.64911751757767,sub_0171,27.69199209213257,14.411832110219727,1.0726686456167158
283,83.75,84.375,0.7868715000222437,-0.21390391870325548,1.816082599980291,,,Extero,Del1,13.018343035292444,sub_0171,27.69199209213257,5.793390777742685,2.0454966456333024
284,53.75,27.175,0.9770045499990374,0.6324199662729258,3.9073441000000457,,,Intero,Del1,17.744737553698045,sub_0172,32.45981629689535,13.503130240183587,1.298263198543349
285,91.25,64.3875,0.8852558000007775,0.4888022144923726,2.391121600000588,,,Extero,Del1,8.139264878932511,sub_0172,32.45981629689535,4.582223083386311,2.9839003643098128
286,87.34177215189874,69.64556962025317,0.5377726000006078,-0.4735711044138663,2.932035600000745,,,Intero,Del1,11.914503097012913,sub_0173,30.007109530766805,0.13809574162301394,2.750050368175086
287,73.75,72.725,0.6171210999991672,-0.27886949502282554,2.157726650000768,,,Extero,Del1,10.131391382427122,sub_0173,30.007109530766805,-8.363018157838638,1.5774020577106314
288,51.24999999999999,64.8,1.0371694000205025,-0.5916686566567054,2.1910592501517385,,,Intero,Del1,14.08068230714428,sub_0174,30.496632655461628,-18.740258386459512,1.1173614474386049
289,85.0,69.45,0.9948446500347927,-0.5605689117800676,1.8993832998676226,,,Extero,Del1,13.296840497704569,sub_0174,30.496632655461628,8.460825217140975,2.604325911283168
290,48.05194805194805,60.16883116883117,0.6865844000058132,-0.5081357042690317,3.615860999998404,,,Intero,Del1,11.032424995037431,sub_0175,31.552914321422577,-15.982291853473573,0.9185717236653387
291,83.75,69.7,0.7561512000029325,0.07185175156691448,2.4824455000016314,,,Extero,Del1,10.205543163757046,sub_0175,31.552914321422577,3.5078437266540115,1.991437544622454
292,50.63291139240506,64.88607594936708,1.1300275999965381,-0.4635695232138365,3.4495690999974613,,,Intero,Del1,18.73433794004702,sub_0176,28.631298645337424,-6.442231545846432,0.6022803011451012
293,66.25,73.95,0.873433800003113,0.6771734279140394,1.6743328499978816,,,Extero,Del1,11.804505720951354,sub_0176,28.631298645337424,12.820398662467523,1.9353603980748668
294,70.51282051282051,39.782051282051285,0.9817661500019313,-0.2011631754751021,3.36572619999788,,,Intero,Del1,17.1630879988926,sub_0177,29.325164890289308,3.73022521549414,1.1505171713456512
295,91.13924050632912,57.68354430379747,0.7040201999989222,-0.06525094258758002,1.7989419000005,,,Extero,Del1,8.838072580922239,sub_0177,29.325164890289308,-0.26448756690071795,2.7216518593705348
296,39.473684210526315,69.44,0.7543456999701448,-0.8463683293195842,3.524236950004706,,,Intero,Del1,18.888823294515475,sub_0179,30.33052403529485,-25.561312074021174,1.0732515955621078
297,76.25,76.9625,0.6422478499880526,-0.38841372318392303,2.6311484999896493,,,Extero,Del1,17.33963311140431,sub_0179,30.33052403529485,2.0234345475589466,1.7474629068777703
298,81.33333333333333,42.12,0.9460271000280044,-0.13419806269403284,3.3477890999638475,,,Intero,Del1,14.980362838808539,sub_0180,31.419163000583648,-4.735086781066832,1.7515842131110984
299,83.54430379746836,65.72151898734177,0.8145389999845065,-0.39626325024551495,1.997800500015728,,,Extero,Del1,11.43902007791296,sub_0180,31.419163000583648,2.4018951703428093,2.2757145882140626
300,50.0,38.125,0.7679484499967657,-0.6081805963759243,2.6157776000036392,,,Intero,Del1,18.270876339062255,sub_0181,26.301914060115813,-15.733397091884283,1.0843375680001672
301,82.5,62.1125,0.5785390999953961,0.1690657894380475,1.7655988999977126,,,Extero,Del1,13.285324062254482,sub_0181,26.301914060115813,8.074299898049006,1.9625671818759207
302,78.48101265822784,77.6923076923077,0.7402925999995205,-0.09349593763887248,1.7652319000044372,,,Intero,Del1,14.719642345572733,sub_0182,27.8427019794782,5.519636358493748,1.611877940056723
303,81.0126582278481,72.11392405063292,0.8893960999994306,0.37240883072758474,1.8655261000094467,,,Extero,Del1,12.325664962914065,sub_0182,27.8427019794782,7.407327147564706,2.065325459164096
304,71.25,69.5125,0.7425905499985674,-0.31987529551128513,1.6404987999994773,,,Intero,Del1,17.319945903442544,sub_0183,24.27251220146815,-6.69214634020642,1.4004018745498326
305,55.00000000000001,56.8375,0.7520309000028647,0.7099323298813591,1.7233986499995808,,,Extero,Del1,18.475654291713507,sub_0183,24.27251220146815,2.554350622286071,1.346123594438558
306,78.75,63.45,1.3758175000039046,0.45367451492296207,2.05731845000264,,,Intero,Del1,14.696941735601762,sub_0184,30.13905345996221,8.99638989375585,2.023118555525122
307,87.5,63.53164556962025,1.0516803999926196,-0.10741076285510776,1.9747913000028348,,,Extero,Del1,9.431553389984131,sub_0184,30.13905345996221,7.458799240600706,2.319329976822673
308,48.10126582278481,35.20253164556962,1.4599719999969238,-0.7594524038735593,2.4482159000035613,,,Intero,Del1,18.614737851554,sub_0185,29.841824809710186,-11.942711115361098,1.2470834464541576
309,85.0,59.025,1.0243481500001508,0.27874981808570115,1.8996504500028095,,,Extero,Del1,11.715726027393453,sub_0185,29.841824809710186,9.88519003810364,2.208488618029874
310,61.8421052631579,42.13157894736842,0.8506022500077961,-0.22439089816796115,4.007748599993647,,,Intero,Del1,18.174784446739928,sub_0186,38.43301637570063,-0.12392592202049772,0.9001977040562411
311,55.12820512820513,29.974358974358974,0.8018717500090133,0.5751746901880039,4.888834700002917,,,Extero,Del1,18.29950590111458,sub_0186,38.43301637570063,5.352647558331487,1.1503493803760079
312,81.0126582278481,48.36708860759494,1.2766603000054602,-0.08838300637693702,3.5831594000046607,,,Intero,Del1,13.85510938026604,sub_0187,32.09538869460424,-6.702309561378755,1.7944548209806652
313,87.5,57.425,1.2147045500023523,-0.1377493771557432,2.3732202499813866,,,Extero,Del1,9.12137140066982,sub_0187,32.09538869460424,4.769224102874209,2.3156512198838892
314,60.75949367088608,42.835443037974684,1.2084316000109538,-0.4586927630523177,2.931131500052288,,,Intero,Del1,18.45518145329568,sub_0188,31.245531356334688,-20.132751833249774,1.3833132346473804
315,69.62025316455697,48.34177215189873,1.1967465999769047,0.027042141429417105,2.0656998000340536,,,Extero,Del1,16.565259370576467,sub_0188,31.245531356334688,-5.393075876791206,0.9697881448838246
316,55.12820512820513,56.6025641025641,1.3405918500502594,-0.5989499158187357,4.290760999952909,,,Intero,Del1,13.213077550909189,sub_0189,37.55575675566991,-16.873663760953118,1.3652032994517294
317,75.9493670886076,72.9367088607595,1.0814083999721331,-0.017270120059603766,3.815116100013256,,,Extero,Del1,15.72498402616602,sub_0189,37.55575675566991,4.526050976236799,1.4263561138771244
318,62.82051282051282,52.79220779220779,1.6497147999471051,-0.3872240756929801,4.506511149986181,,,Intero,Del1,16.654059012486414,sub_0190,35.92462378342946,-12.651694133810425,1.2657043141864426
319,92.5,79.4,1.1971204000292346,0.41779434258841897,2.215871900029015,,,Extero,Del1,9.637592633836034,sub_0190,35.92462378342946,-3.4419526553801782,3.10542192116382
320,48.717948717948715,58.51282051282051,0.8522117999964394,-0.5081357042690317,3.556954199972097,,,Intero,Del1,18.025913696155428,sub_0192,31.599624903996787,-22.42433770819139,0.9185717236653387
321,78.75,65.0253164556962,0.8016336000291631,0.13055950163080682,2.607014400011394,,,Extero,Del1,11.764176822759692,sub_0192,31.599624903996787,7.6357853408776535,1.6737241289417883
322,86.25,62.4125,1.2124007000238635,-0.7202542613488838,3.264879949972965,,,Intero,Del1,10.019450126200033,sub_0193,32.48665250142415,-0.055151483825744814,2.8917049830868913
323,66.25,67.7375,1.0718681500293314,-0.13503441095399785,2.5237156500224955,,,Extero,Del1,17.354049510056196,sub_0193,32.48665250142415,-5.994018952408776,0.9202882447585599
324,49.35064935064935,10.428571428571429,0.959237199999734,0.24926295736834664,4.581632000000353,,,Intero,Del1,18.322998006829128,sub_0194,32.71395037174225,31.07718382233529,0.36292868385422183
325,59.49367088607595,29.582278481012658,0.8562498000001142,0.348945999933545,3.5995969000000514,,,Extero,Del1,18.067701828469268,sub_0194,32.71395037174225,8.970098892194871,0.9853504672787383
326,56.9620253164557,51.835443037974684,1.3412767000263557,0.10159675983553303,3.2974450000328943,,,Intero,Del1,18.243414324102996,sub_0196,30.235409851868948,-5.221724638777942,0.3035006866005334
327,82.5,79.05,1.0202432500082068,1.1102230246251565e-16,2.0647978000051808,,,Extero,Del1,11.610208628929536,sub_0196,30.235409851868948,-7.947191451692617,1.8691785821469602
328,60.0,52.7125,1.2050150000141002,-0.3771094130373649,3.1227986500016414,,,Intero,Del1,18.469445926925463,sub_0197,30.626419933636985,-9.190446932302066,1.1806243061286723
329,83.75,68.4,0.9794012000202201,-0.42781198397638737,2.390865700028371,,,Extero,Del1,10.987432036084455,sub_0197,30.626419933636985,2.3756252728770786,2.2738289747708222
330,66.23376623376623,65.49350649350649,1.1249628000659868,-0.5141022312044004,2.7164198999525984,,,Intero,Del1,16.943008270989395,sub_0198,31.23143672545751,-7.698217421444049,1.5348986686804
331,65.0,49.30379746835443,1.070668600033969,-0.20432084988484295,2.557305600028485,,,Extero,Del1,18.5615756583137,sub_0198,31.23143672545751,1.372292775610041,0.7868785523152709
332,51.31578947368421,51.21052631578947,1.0675747999339364,-0.4592858618326693,3.3828907000133768,,,Intero,Del1,13.954374417853973,sub_0199,29.625717067718504,-24.562789805819907,1.0162714085380635
333,88.75,77.575,0.9004484000033699,0.06560109258429625,2.0244092000066303,,,Extero,Del1,11.034806230693988,sub_0199,29.625717067718504,-1.4936509612910682,2.4319009459206082
334,50.68493150684932,35.02739726027397,0.7502473000204191,-0.442973741520505,2.531172199989669,,,Intero,Del1,18.102815921411718,sub_0200,28.6781831185023,-20.501412409888307,1.048895649162392
335,86.25,61.1125,0.6356661000172608,-0.2218804512856879,1.8647259499994104,,,Extero,Del1,11.908524683904586,sub_0200,28.6781831185023,3.3709653845309,2.291494944060001
336,58.75,38.225,1.396958099969197,0.42830432690127207,2.748978299990995,,,Intero,Del1,12.266267251567808,sub_0202,29.67986046075821,18.337230555143627,1.078234478400858
337,82.5,51.45,0.9107429500145372,0.28820842672101027,2.1242498999636155,,,Extero,Del1,12.113241150220004,sub_0202,29.67986046075821,8.533672185927216,2.059604941165053
338,56.25,26.962025316455698,1.141994500067085,-0.4908106928069655,3.782330100017134,,,Intero,Del1,16.793879690746394,sub_0203,32.703663039207456,-17.331659822007232,1.1535196621423514
339,72.5,31.6,1.3124922499409877,0.22820962986170926,2.6911555500118993,,,Extero,Del1,18.05126594093057,sub_0203,32.703663039207456,-3.899686992886629,1.3178738583143335
340,57.89473684210527,34.53333333333333,1.2345561000984162,0.44981147533023275,2.4405313500319608,,,Intero,Del1,17.719937325339988,sub_0204,33.5841877857844,13.808057334573144,1.0352201815429367
341,78.75,62.75,0.954872099973727,0.18605631889675533,1.7718507499666885,,,Extero,Del1,13.945662339964375,sub_0204,33.5841877857844,1.1248486072601265,1.6878008866572258
342,53.75,1.575,0.8236126500414684,-0.4592858618326693,2.6305804001167417,,,Intero,Del1,17.281326780835812,sub_0205,32.36415142218272,-15.897674381169045,1.0162714085380635
343,88.75,57.78481012658228,0.9013825000729412,-0.17230852751401093,2.1398874000879005,,,Extero,Del1,14.017444464749484,sub_0205,32.36415142218272,8.180057560519721,2.479758102784305
344,60.0,61.5,0.5620660000713542,-0.41463275880533645,3.939532999997027,,,Intero,Del1,18.24774455374461,sub_0206,29.424297030766805,-3.1648590990408034,1.0285334656838685
345,85.0,81.475,0.5185830000555143,-0.14008996964119458,2.6069104000926018,,,Extero,Del1,12.014785963403137,sub_0206,29.424297030766805,-10.959490702043023,2.127913980771014
346,55.00000000000001,42.875,1.2247612500796095,-0.442973741520505,3.2563693000702187,,,Intero,Del1,17.55225207533649,sub_0207,30.868763673305512,-19.550256288908013,1.048895649162392
347,88.60759493670885,62.6025641025641,1.0290289000840858,0.08032918455209814,1.8997019999660552,,,Extero,Del1,11.753108841442295,sub_0207,30.868763673305512,-5.120443477260786,2.4304916050911785
348,57.49999999999999,41.265822784810126,1.8776803000073412,-0.4102011941563382,2.5661240000044927,,,Intero,Del1,11.632167089498653,sub_0208,32.59117895762126,-16.472639420512685,1.1144407438907256
349,86.25,54.55,1.3733306000067387,0.3687991428553301,2.239900700005819,,,Extero,Del1,12.98543515312931,sub_0208,32.59117895762126,-4.647730512165424,2.420840752856489
350,70.12987012987013,57.97402597402598,1.5049242000095546,-0.1501971699991791,4.248732799984282,,,Intero,Del1,16.99872319555719,sub_0209,35.14499628146489,-1.2069988641743343,1.0485851603938052
351,83.75,61.575,1.074242900009267,0.41205383527101364,3.2492031499859877,,,Extero,Del1,14.997017605272793,sub_0209,35.14499628146489,-3.9057010539503114,2.275304130931151
352,54.54545454545454,53.42857142857143,1.0126984000671655,-0.6575977558297011,2.9149984000250697,,,Intero,Del1,12.15767217609806,sub_0210,31.64662122329076,-22.53863065933695,1.4507927425418738
353,72.5,56.8375,0.9966939000878483,0.21509521096987602,2.232555099995807,,,Extero,Del1,16.643722154013258,sub_0210,31.64662122329076,8.68411535276141,1.3613692158274266
354,52.63157894736842,38.309859154929576,1.5482422998175025,-0.55776403155783,4.598896099952981,,,Intero,Del1,18.201399568301056,sub_0211,37.79183837175369,-8.718713198863185,1.1851706976363556
355,82.5,56.75,1.437949749873951,0.3377753933508375,3.281694700010121,,,Extero,Del1,13.539499384905955,sub_0211,37.79183837175369,0.2442014736846173,2.0597050599297013
356,85.0,54.2375,0.7194478999590501,-0.14008996964119458,2.1657644499791786,,,Intero,Del1,12.537887977439047,sub_0212,28.04739478826523,-3.9935319911704794,2.127913980771014
357,81.25,54.95,0.7463592500425875,-0.2876245013522565,2.081977149937302,,,Extero,Del1,14.531362866250895,sub_0212,28.04739478826523,-4.3178397225293565,1.9878541283846878
358,78.75,71.6625,1.0744061500299722,0.04310310360622244,2.9637382499640808,,,Intero,Del1,16.674828938910093,sub_0213,28.856304327646892,-8.105249040797727,1.5970362599333834
359,90.0,73.625,0.8410260499222204,0.14459104528122424,2.323498749989085,,,Extero,Del1,11.372726377842126,sub_0213,28.856304327646892,-0.113781923750521,2.589880851314464
360,40.0,57.325,0.9758973000571132,-0.640891362076566,3.840745900059119,,,Intero,Del1,14.811008744029131,sub_0216,30.77470035155614,-35.96880994321951,0.65306040805027
361,81.25,62.2125,0.7830299501074478,-0.0464840287502829,2.2072021999629214,,,Extero,Del1,15.775812461032885,sub_0216,30.77470035155614,7.051195586577867,1.7762105246463942
362,53.75,56.475,0.7124110499862581,-0.3957338250540903,3.633211249951273,,,Intero,Del1,17.484649622759527,sub_0217,29.18270362218221,-24.035783286119837,0.8917748170376479
363,85.0,53.85,0.6967629499267787,-0.26300334487138705,2.4991092500276864,,,Extero,Del1,11.228326329493266,sub_0217,29.18270362218221,-7.5672167478465875,2.2092491568886024
364,78.48101265822784,90.66666666666667,0.9875914000440389,-0.793826808028564,2.8479327000677586,,,Intero,Del1,14.670293155575106,sub_0218,29.07797708113988,-7.754575035500446,2.5521500457329744
365,85.0,87.675,0.9306200500577688,-0.18309323885089318,1.957504149992019,,,Extero,Del1,11.498395110815187,sub_0218,29.07797708113988,-5.187768533972911,2.1969166533874143
366,54.43037974683544,48.55696202531646,1.315570600039791,-0.6156989910399333,3.8166286999476142,,,Intero,Del1,14.872742134872356,sub_0219,33.074788037935896,-26.445680834366694,1.3317051490093341
367,70.0,52.9125,0.9944160500308498,0.014515523546708209,3.249331800005166,,,Extero,Del1,17.201596032464646,sub_0219,33.074788037935896,-4.088396240966741,1.0460071653121297
368,52.56410256410257,40.54545454545455,1.0952778000500984,-0.4592858618326693,4.3494376500020735,,,Intero,Del1,10.684114242779133,sub_0220,32.29424261649449,-25.523232039220733,1.0162714085380635
369,81.25,56.5125,0.7982478500343859,0.5938009930716086,2.299035300005926,,,Extero,Del1,13.564455428413048,sub_0220,32.29424261649449,4.872478028751297,2.4178841953351635
370,51.28205128205128,22.743589743589745,0.92203210000298,0.37151837755530526,4.415818399982527,,,Intero,Del1,18.7623461054665,sub_0221,30.582065788904824,1.4575421499358243,0.42264625943182194
371,88.75,55.7,0.7471928999875672,0.6468428535875697,2.6410556499904487,,,Extero,Del1,9.714156567296984,sub_0221,30.582065788904824,0.8551686910778779,3.0385277986095187
372,63.74999999999999,89.1,0.5857265499944333,-0.35414520259192855,1.8497475500043947,,,Intero,Del1,17.752524630337355,sub_0222,26.460490536689758,-8.640746487569567,1.1495085781106842
373,91.13924050632912,88.39240506329114,0.5775945999776013,-0.24820762796476825,1.8664586000377312,,,Extero,Del1,11.445103834181307,sub_0222,26.460490536689758,8.881038747914369,2.6900223801165635
374,56.9620253164557,51.835443037974684,1.3412767000263557,0.10159675983553303,3.2974450000328943,,,Intero,Del1,18.243414324102996,sub_0223,30.235409851868948,-5.221724638777942,0.3035006866005334
375,82.5,79.05,1.0202432500082068,1.1102230246251565e-16,2.0647978000051808,,,Extero,Del1,11.610208628929536,sub_0223,30.235409851868948,-7.947191451692617,1.8691785821469602
376,58.75,54.4625,0.8360878500388935,0.30258229193163677,2.7728352500125766,,,Intero,Del1,16.963411865278403,sub_0224,29.777163259188335,13.150983149469695,0.9242547637095007
377,88.75,61.425,0.7183423000387847,0.21038330261453453,1.9915013000136241,,,Extero,Del1,9.898757943511796,sub_0224,29.777163259188335,1.9402504612076819,2.5814052868589807
378,53.246753246753244,84.11688311688312,0.7924910001456738,-0.55776403155783,2.6160454000346363,,,Intero,Del1,10.642573760696775,sub_0225,29.57299156586329,-20.175587704849764,1.1851706976363556
379,88.75,76.9625,0.7316670500440523,-0.1869113233583093,1.8333965500351042,,,Extero,Del1,11.02915534424284,sub_0225,29.57299156586329,4.986726610436883,2.4783310978290762
380,64.93506493506493,26.12987012987013,0.8420930001884699,0.34354346456230944,4.298851100029424,,,Intero,Del1,18.597323685358102,sub_0226,30.198290451367697,6.415619714098228,1.2477562030787832
381,91.25,84.725,0.6535373000660911,-0.023908195490850548,1.965505649917759,,,Extero,Del1,9.720895401839122,sub_0226,30.198290451367697,3.199754028404474,2.718171863219575
382,80.0,95.0253164556962,0.7986608999781311,0.6061294524564449,1.8315216000191867,,,Intero,Del1,14.172677780434752,sub_0227,27.749314840634664,9.053289641232972,2.360052217609264
383,67.5,83.50632911392405,0.8538754999171942,0.15419169669775595,2.3657822500681505,,,Extero,Del1,16.66703103387708,sub_0227,27.749314840634664,11.374169601890307,1.0405961069966514
384,70.0,54.2875,0.743395600002259,0.41585500820581633,2.223164050024934,,,Intero,Del1,16.942069749665258,sub_0228,26.330374451478324,-5.218839911482382,1.468988744340383
385,53.75,45.1375,0.7551655500428751,0.0996006623946335,1.9731720999116076,,,Extero,Del1,18.054999623740606,sub_0228,26.330374451478324,-5.901929425584549,0.199201324789267
386,53.75,47.975,0.9608894500415772,-0.5751746901880039,3.2654451499693096,,,Intero,Del1,17.96871194003662,sub_0229,32.69643133878708,-12.440318657836391,1.1503493803760079
387,82.5,52.625,0.7795768500072882,0.5952846152114988,2.348124249954708,,,Extero,Del1,10.802501758716293,sub_0229,32.69643133878708,0.4377043351120303,2.4772600412088317
388,66.25,46.5,0.9278473999584094,-0.6720586924491925,2.0742713500512764,,,Intero,Del1,15.618019681781984,sub_0230,29.404093778133394,-11.055413741709943,1.7853355578252121
389,63.74999999999999,32.5875,0.7394329998642206,0.37059375653072213,2.365388499922119,,,Extero,Del1,18.61713337796303,sub_0230,29.404093778133394,-0.3433472518399007,0.9420549540843841
390,55.00000000000001,49.9,1.3397000000113621,0.5421687840000836,2.9407552999909967,,,Intero,Del1,11.914005899637127,sub_0231,34.34371260404587,19.31969308296717,1.2163611927518485
391,91.25,60.7125,1.2152494000038132,0.20647999809306983,2.523971199989319,,,Extero,Del1,10.19025051976278,sub_0231,34.34371260404587,6.779979109197928,2.8005501417523466
392,83.54430379746836,50.32911392405063,0.8597874999977648,0.2196686431201575,3.1621318999677896,,,Intero,Del1,14.696000241338382,sub_0232,29.142698180675506,-4.799661779359306,1.968756633813089
393,90.0,65.8125,0.6597775499103591,0.2201941198965801,1.890950349974446,,,Extero,Del1,9.278017049672687,sub_0232,29.142698180675506,0.8540436851698108,2.6890647029304375
394,63.74999999999999,19.27848101265823,1.3680726999882609,-0.059150773149371005,3.6240756498882547,,,Intero,Del1,18.348597436536515,sub_0233,30.00911480585734,-4.715451642936513,0.7431530522921729
395,80.0,52.85,0.860953800030984,0.33654087284987094,1.8982828999869525,,,Extero,Del1,14.069340797799141,sub_0233,30.00911480585734,-1.6880462688900946,1.9272251210271056
396,57.49999999999999,65.05,0.9976893500424922,0.4758445298451011,2.8159652499016374,,,Intero,Del1,18.63785165708466,sub_0234,28.19544231891632,6.006602696323037,0.8652266773845679
397,83.75,84.1375,0.7253209500340745,-0.5638060364879136,1.8825606000609694,,,Extero,Del1,12.219226172612908,sub_0234,28.19544231891632,2.6241646476373015,2.540217198656002
398,57.49999999999999,62.94805194805195,1.5985959998797623,-0.4102011941563382,4.991012800019234,,,Intero,Del1,18.094759635113267,sub_0235,39.12332328160604,-17.29142741931704,1.1144407438907256
399,61.25000000000001,71.2375,1.4844824499450624,0.30892000572810896,3.0326900499640033,,,Extero,Del1,18.283906431348413,sub_0235,39.12332328160604,-1.1196981285851508,0.8778771780703865
400,55.00000000000001,62.2875,0.6757080500246957,-0.442973741520505,3.0821930998936296,,,Intero,Del1,15.806786428594926,sub_0236,28.26822344462077,-22.260229107111254,1.048895649162392
401,90.0,63.55,0.6221913000335917,0.13039444128808242,1.9904620500747114,,,Extero,Del1,11.923551586678837,sub_0236,28.26822344462077,-2.039521698157883,2.59136486196953
402,78.48101265822784,59.92307692307692,1.589523500064388,-0.6168711117161921,2.7160028999205683,,,Intero,Del1,15.74344842673686,sub_0237,32.9533830165863,-7.2521036062078625,2.303907853605029
403,86.25,54.575,1.4926822499837726,0.2526384280183267,2.7819077499443665,,,Extero,Del1,8.246704342473492,sub_0237,32.9533830165863,-2.854282705617582,2.290396201905555
404,83.54430379746836,89.15189873417721,0.6794236998539418,0.14679798145088435,1.6319343999493867,,,Intero,Del1,11.94331079231248,sub_0238,25.053937383492787,12.707969797691307,1.9112847711285599
405,92.5,87.2375,0.6239735499257222,-0.1290205409520565,1.5065047499956563,,,Extero,Del1,10.13423820526167,sub_0238,25.053937383492787,7.523417362443298,2.9283965541419867
406,61.25000000000001,46.25,1.4960756498621777,-0.1578230511548092,3.6475812500575557,,,Intero,Del1,18.104855295417067,sub_0239,34.77150395711263,-7.976161458961537,0.6891583444370926
407,89.87341772151899,74.81012658227849,1.570255200145766,-0.13039444128808242,2.2640513998921956,,,Extero,Del1,11.936461287715375,sub_0239,34.77150395711263,5.394957809155513,2.59136486196953
408,55.00000000000001,61.5875,0.9575885998783632,-0.442973741520505,2.2911279499530792,,,Intero,Del1,13.253368238172381,sub_0240,28.01709900299708,-22.55669844546548,1.048895649162392
409,67.5,42.5125,0.8535509500652552,0.02103091084840497,2.29091135005001,,,Extero,Del1,18.29868758845264,sub_0240,28.01709900299708,-4.289938159591337,0.9035164202877248
410,63.74999999999999,54.3625,0.7218388998880982,-0.5799931480801357,3.1658845999045298,,,Intero,Del1,14.893955840439226,sub_0241,28.871854039033256,-14.82309929431283,1.6060019580410048
411,87.5,63.5,0.6274653000291437,0.6012908752572552,1.8075380001682788,,,Extero,Del1,7.992426714986934,sub_0241,28.871854039033256,5.3400420398844615,2.968129381549147
412,54.43037974683544,33.19230769230769,1.1741283000446856,-0.3789847498328926,2.4141807998530567,,,Intero,Del1,13.683637659815242,sub_0243,29.38603841861089,-17.935027902887896,0.9252729674800434
413,86.25,40.825,1.0207491000182927,0.5252570329608693,2.0325516499578953,,,Extero,Del1,10.739751600709797,sub_0243,29.38603841861089,4.743426627992932,2.674949668921564
414,73.41772151898735,32.607594936708864,0.9319412999320776,-0.30957252028610327,2.832638700027019,,,Intero,Del1,17.332335128661033,sub_0244,30.609131979942322,-0.4939736651802234,1.515996007184076
415,88.75,63.925,0.8585865498753265,0.1430952825035623,1.816309699905105,,,Extero,Del1,12.83292894928013,sub_0244,30.609131979942322,-0.3607076864337048,2.4797976891941516
416,48.75,51.2375,0.8298388499533758,-0.7594524038735593,2.599195049959235,,,Intero,Del1,18.552450510951964,sub_0245,28.82434948682785,-20.98978208502254,1.2470834464541576
417,83.54430379746836,56.34177215189873,0.7888968999031931,0.06350255920784642,2.1329164998605847,,,Extero,Del1,15.147182580084234,sub_0245,28.82434948682785,4.62930890119487,1.8792908169093745
418,82.5,50.3125,1.1690139999845996,-0.39739169160196874,3.356284850044176,,,Intero,Del1,14.484861405856009,sub_0246,36.59712708791097,-6.570960623862286,2.2073885088841125
419,65.0,27.075,0.9525518500013277,0.2863582122327324,3.2492498500505462,,,Extero,Del1,18.487621612080773,sub_0246,36.59712708791097,-0.6285712916350097,0.9327411640508747
420,75.0,40.6125,1.2965014501241967,-0.6031861676489791,2.4980155000230297,,,Intero,Del1,14.327309099724394,sub_0247,29.90772430896759,-11.748423790526948,2.1304100525961998
421,87.5,57.4125,0.8932464000536129,0.031246600593589968,2.1568507999181747,,,Extero,Del1,10.149550664646807,sub_0247,29.90772430896759,-2.4930859463659383,2.3111696643244573
422,87.5,73.375,0.8687955999048427,0.09227449819353917,1.8491407000692561,,,Intero,Del1,12.908154501024557,sub_0248,30.374686245123545,8.476676700979521,2.3196900441433606
423,67.5,72.7875,0.6800673499237746,0.6038523569614157,2.089830500073731,,,Extero,Del1,12.433451219380464,sub_0248,30.374686245123545,13.663352581385743,1.7944671781652184
424,79.74683544303798,77.49367088607595,0.6152731000911444,-0.6386252538604864,2.3488521000836045,,,Intero,Del1,13.733111991453875,sub_0250,26.452320412794748,-0.4538026242884956,2.3600406779791485
425,85.0,82.425,0.6173479498829693,-0.14008996964119458,1.732928500045091,,,Extero,Del1,11.260406042522506,sub_0250,26.452320412794748,-3.735788232752234,2.127913980771014
426,76.25,92.45,0.69419830001425,0.12852438679546757,1.9483336000703275,,,Intero,Del1,16.904911654415613,sub_0251,28.53378714720408,-2.8088233945306356,1.4662194667574093
427,86.07594936708861,95.20253164556962,0.5952238999307156,0.24722395985474138,1.9328781999647615,,,Extero,Del1,14.58620781299057,sub_0251,28.53378714720408,-3.7583414682593252,2.2089565601518393
428,85.0,70.6375,0.7756942000705749,0.6819247877341701,2.808108649973292,,,Intero,Del1,13.200008814200995,sub_0252,27.241316203276316,11.486470314015865,2.8364814102205993
429,85.0,81.275,0.6965023999800906,0.043561867961936285,1.824607049988117,,,Extero,Del1,12.499390851595356,sub_0252,27.241316203276316,0.3468725444448264,2.083526080229645
430,71.25,54.7375,0.9381701999809593,0.2836388237829609,2.424083749880083,,,Intero,Del1,17.174741389028828,sub_0253,31.3577752272288,0.7011250061478492,1.3220615352230296
431,87.5,72.45,0.7475077999988571,-0.16227398350783073,1.7150180001044646,,,Extero,Del1,9.976052180686962,sub_0253,31.3577752272288,-3.6541773932046335,2.378856512845661
432,75.0,47.975,0.9247345001203939,-0.09971444432651644,1.873842200031504,,,Intero,Del1,17.14525331401548,sub_0254,30.798865449428558,3.125020701289975,1.3706432111007512
433,86.07594936708861,56.01282051282051,0.786043599830009,0.277320183877013,1.6648762000259012,,,Extero,Del1,11.394648588700845,sub_0254,30.798865449428558,1.1548084624178467,2.4124393510485675
434,54.43037974683544,58.24050632911393,1.138032800052315,-0.442973741520505,3.5660467999987304,,,Intero,Del1,17.73562424022861,sub_0255,32.001960917313895,-18.3062032972086,1.048895649162392
435,80.0,60.3125,0.9273398501100019,0.01806981462246826,2.1326000000117347,,,Extero,Del1,13.31734900555589,sub_0255,32.001960917313895,7.459916466392921,1.687128611103408
436,50.649350649350644,67.12987012987013,0.8842139998450875,-0.5751746901880039,3.7842168998904526,,,Intero,Del1,12.444051851585419,sub_0256,31.44915799299876,-20.467894695264988,1.1503493803760079
437,60.75949367088608,50.379746835443036,0.8318376999814063,0.3721235457290271,2.8301365000661463,,,Extero,Del1,17.949944709336446,sub_0256,31.44915799299876,10.136419695769481,1.0726686456167158
