Accuracy,Confidence,ConfidenceRT,Corruption,Criterion,DecisionRT,Modality,Slope,Subject,TaskDuration,Threshold,Threshold_UpDown,dPrime
57.692307692307686,53.30769230769231,1.03181884996593,,0.8522853633683979,2.2576358999940567,Intero,18.290267996491245,sub_0019,29.132991592089336,6.828432514399762,,1.58513652716615
85.5072463768116,70.01449275362319,0.821544999955222,,0.10076363921489045,1.8466855000006035,Extero,11.042193262779405,sub_0019,29.132991592089336,4.775693868601195,,2.136370410633183
61.76470588235294,40.1764705882353,0.8551640500081703,,-0.5304712395405934,3.7404354499885812,Intero,16.11855474426594,sub_0020,32.76029461622238,-19.200668955662238,,1.502160652008014
73.97260273972603,44.64383561643836,0.7854763999348506,,0.07166568169724868,2.781402399996296,Extero,17.315870462255404,sub_0020,32.76029461622238,6.85055116986735,,1.3293004713577616
86.76470588235294,66.77941176470588,0.8083254499942996,,-0.44634109463593286,2.406483950035181,Intero,12.064374362574744,sub_0022,28.95056088368098,2.185112349819189,,2.6449678877655476
87.34177215189874,74.84810126582279,0.7257884999271482,,-0.19997060510222392,2.0146461999975145,Extero,13.371218305713446,sub_0022,28.95056088368098,-3.21726468334238,,2.3660470439968284
60.29411764705882,48.69117647058823,0.7838396999868564,,-0.41636588604639074,2.449501950002741,Intero,17.460052339141,sub_0023,28.31436651945114,-8.557156970573285,,1.1021113601106207
68.0,51.8,0.68609179998748,,0.101991137571903,1.7831798000261188,Extero,16.67023295267246,sub_0023,28.31436651945114,8.138804209003363,,0.9863747915227494
84.84848484848484,57.54545454545455,0.8031560000381432,,0.7154516826499124,3.1815527000580914,Intero,13.874134577000287,sub_0024,30.199271818002064,8.042979806247969,,2.7398077667638328
56.41025641025641,48.43589743589744,0.7468664499465376,,0.4990501098065738,2.748633799958043,Extero,18.791073346959244,sub_0024,30.199271818002064,4.173611119001172,,0.8188155174616225
56.33802816901409,43.521126760563384,1.160187200177461,,-0.428304326901272,3.4823008000385016,Intero,17.875748204943214,sub_0025,32.741197697321574,-20.274534271343995,,1.078234478400858
81.57894736842105,61.776315789473685,0.9644771000603214,,-0.20124539280635284,2.63236509996932,Extero,14.309477107420525,sub_0025,32.741197697321574,-8.950462838940314,,1.89820797513931
85.9375,39.296875,1.0488678499823434,,-0.2633209823028067,2.54777600010857,Intero,10.174110905847199,sub_0026,30.17468746503194,-6.768733112558112,,2.3255117799400815
86.95652173913044,62.710144927536234,0.8674429999664426,,-0.13073766637919948,1.8463210000190884,Extero,13.830314161193053,sub_0026,30.17468746503194,-5.1241349306927635,,2.3016277983308018
70.3125,49.125,1.1658668498275802,,-0.24384059263186475,2.6246099999407306,Intero,17.990504091844112,sub_0027,31.04230748017629,5.84033745014616,,1.2646045132299522
89.87341772151899,63.037974683544306,1.0629819000605494,,0.5599614441589036,2.6134700998663902,Extero,10.41598588928538,sub_0027,31.04230748017629,4.667857354771785,,3.1088386547373132
59.32203389830508,96.23728813559322,0.6491231999825686,,-0.23764421270340735,1.6499807999935,Intero,8.862012437187671,sub_0028,24.546984843413036,-18.186250652494373,,0.8736910749853487
63.38028169014085,92.32394366197182,0.6692610001191497,,-0.1951179114845349,1.6828995000105351,Extero,17.71161960088521,sub_0028,24.546984843413036,-7.586289371389421,,0.8770441785903321
74.6268656716418,80.07462686567165,0.8273787000216544,,-0.4057357895979189,4.431650300044566,Intero,16.67139658497107,sub_0029,31.52615381081899,2.1002566894280603,,1.751631551893363
84.05797101449275,85.10144927536231,0.7662581999320537,,0.13326446176435253,2.066284499829635,Extero,11.221656498657822,sub_0029,31.52615381081899,10.55602648737376,,2.0834446606034756
72.6027397260274,58.657534246575345,0.8788491000887007,,0.22251780313411507,3.416539400117472,Intero,13.776413387641597,sub_0030,30.24636470079422,12.908100285083744,,1.3465240314989486
84.50704225352112,62.690140845070424,0.8690367001108825,,-0.3281946942860637,2.496935799950734,Extero,12.657838803161626,sub_0030,30.24636470079422,-11.022098392728571,,2.2740781967989188
54.41176470588235,28.705882352941178,0.8263317999662831,,-0.2992290635378467,2.0238124498864636,Intero,14.003871458508534,sub_0031,28.736297047138216,-28.22264889365441,,0.7505213733164701
54.929577464788736,46.070422535211264,0.8796170998830348,,0.2820906971236349,1.9998496000189327,Extero,18.459818468590523,sub_0031,28.736297047138216,-0.3398495311059315,,0.45969103349538903
52.83018867924528,55.37735849056604,0.8460303000174463,,-0.32445456053641464,2.364876699866727,Intero,13.076724086859345,sub_0032,28.459628760814667,-24.68471812277761,,0.7000703793193341
89.04109589041096,58.42465753424658,0.7406001000199467,,-0.30380420057789015,1.7318325000815094,Extero,12.2212627362371,sub_0032,28.459628760814667,4.8327924217445455,,2.5788292348903195
73.4375,60.640625,0.71506485005375,,-0.17920964821458685,2.6492662000237033,Intero,16.90515182835734,sub_0034,27.697593053181965,4.42741268475913,,1.393866402064508
89.39393939393939,92.66666666666667,0.6152232000604272,,-0.6167463259703148,1.7658147000474855,Extero,11.244748824123656,sub_0034,27.697593053181965,0.7560184010022222,,2.99526889111449
76.66666666666667,39.266666666666666,0.7717956998385489,,-0.03309198172066352,2.4567116500111297,Intero,16.945572024085266,sub_0035,26.904809137185413,5.310785453578028,,1.4632353841314472
86.95652173913044,56.78260869565217,0.6965677000116557,,0.4717839805716699,2.0644204998388886,Extero,15.756049905415368,sub_0035,26.904809137185413,0.2992610102167945,,2.661918220335041
83.33333333333334,66.65151515151516,1.3697580500738695,,-0.31561491398618996,2.581752649974078,Intero,15.689148243002426,sub_0037,37.08476707537969,-0.3852258342941613,,2.178913292646886
84.81012658227847,60.278481012658226,1.3960971999913454,,-0.27106671619322625,2.9983953000046317,Extero,11.62475122131058,sub_0037,37.08476707537969,5.94287641112893,,2.193122414244924
55.714285714285715,68.68571428571428,1.054475950077176,,-0.7670602721762732,2.664975150139071,Intero,12.246368027007243,sub_0038,28.588544313112894,-15.271819162159641,,1.5341205443525463
91.02564102564102,68.07692307692308,0.9537987998919562,,0.25551202363744774,2.007755450089462,Extero,8.456715115230447,sub_0038,28.588544313112894,7.687455039510986,,2.9523047449695947
92.53731343283582,71.68656716417911,1.5165516000706702,,-0.3139779698270295,3.0991698999423534,Intero,11.625430680908124,sub_0039,33.34204891125361,3.020988297418413,,3.069236637348759
91.04477611940298,72.82089552238806,1.4364257999695835,,-0.1978888134151583,2.365661400137469,Extero,13.274400099791178,sub_0039,33.34204891125361,-6.247812116937263,,2.7336753158932803
38.18181818181819,41.345454545454544,0.929404400056228,,-0.6815734309580942,4.482621900038794,Intero,18.571103944719688,sub_0040,33.878480180104575,-32.00534937637135,,0.5716962702872137
76.92307692307693,67.56410256410257,0.7185956998728216,,-0.05350281276058266,2.3743006999138743,Extero,15.363118997335436,sub_0040,33.878480180104575,-8.166229900003046,,1.4911598987491919
75.75757575757575,91.51515151515152,1.501962949987501,,-0.38647871827372704,2.5156597500899807,Intero,16.765941025724867,sub_0041,32.08800426721573,-4.110159621226165,,1.5277413242045617
88.73239436619718,90.63380281690141,1.216000400017947,,0.0581317879239589,2.049389700172469,Extero,15.377421820318625,sub_0041,32.08800426721573,3.2197392125380917,,2.446839555241283
48.214285714285715,58.535714285714285,0.7589659499935806,,-0.03420796235017257,2.416359599912539,Intero,12.312383266090984,sub_0042,28.49736921787262,-19.13514207456829,,-0.06841592470034515
80.26315789473685,61.96052631578947,0.7516985500697047,,0.14332523374227113,2.2821688499534503,Extero,15.637180000974286,sub_0042,28.49736921787262,-4.019703828403322,,1.719645467840525
50.0,5.102941176470588,1.0700513999909163,,-0.35683291784958965,4.50749824999366,Intero,14.891729080301829,sub_0043,34.360908687114716,-20.990234747302985,,0.6353136646929841
84.81012658227847,44.278481012658226,0.9235123998951168,,0.7187058900361389,3.5991396000608797,Extero,10.446070649818566,sub_0043,34.360908687114716,-1.2603568569622536,,2.81867868829769
83.5820895522388,92.34328358208955,0.5665959000016301,,0.19387433531031995,3.0660926000000472,Intero,15.108059842023494,sub_0046,32.84253899653753,-4.015837053773867,,1.985914194890997
72.0,80.21333333333334,0.5698924000007537,,0.14748283240333787,3.5321905000000697,Extero,18.68448855971579,sub_0046,32.84253899653753,7.0640933647121384,,1.3882768023391527
78.46153846153847,32.10769230769231,1.0107791000009456,,0.544110002942131,3.3304811999987582,Intero,16.69626874770134,sub_0047,28.218782432874043,2.6538825739714134,,2.201487248018684
87.83783783783784,86.01351351351352,0.7099101000003429,,0.2833494891254226,1.8223594999999477,Extero,12.982796553180327,sub_0047,28.218782432874043,2.2992436604514466,,2.5015421104542472
86.79245283018868,75.67924528301887,0.8066579999976966,,0.45721378704642246,1.5986875999988115,Intero,14.312120379103279,sub_0048,25.643941835562387,-3.3421475691394167,,2.548901218151645
86.15384615384616,64.64615384615385,0.8633211000014853,,0.666792956759461,1.5796725000000151,Extero,12.493562070573766,sub_0048,25.643941835562387,-0.0877472283710029,,2.806217748271181
74.24242424242425,46.95454545454545,0.5682733000012377,,-0.6268286843810003,2.098051300001316,Intero,16.380198647479098,sub_0049,28.39070874452591,-3.145028949300247,,2.036049885140944
87.67123287671232,63.16438356164384,0.6384258000034606,,0.009299732077737044,1.5647088000005167,Extero,13.875603956409527,sub_0049,28.39070874452591,3.7432272077057167,,2.31929822490749
63.793103448275865,37.8448275862069,1.338548300002003,,-0.5153506336680829,3.4235286500006623,Intero,17.701829590818214,sub_0050,33.66465268532435,-10.390303616188179,,1.26999749341585
78.78787878787878,66.53030303030303,1.1660150999996404,,0.3870651113573736,2.0402381499989133,Extero,15.463588130984375,sub_0050,33.66465268532435,5.326530251079516,,1.9453445451624654
54.23728813559322,50.59322033898305,1.3025011999998242,,-0.4613226947030924,2.7480830999847967,Intero,13.7776989445694,sub_0051,33.15730179945628,-17.51243311392366,,1.0121977427972173
86.11111111111111,58.791666666666664,0.7819449500093469,,-0.10921827157971598,1.880163049994735,Extero,12.84224498553202,sub_0051,33.15730179945628,9.881087756789986,,2.1896573768939716
54.41176470588235,36.8235294117647,1.6835420500137843,,0.5555866474364551,4.7490929499908825,Intero,17.988069718030246,sub_0052,33.8676589568456,15.671395685267088,,1.1895254658791055
89.85507246376811,83.47826086956522,0.8299879000405781,,0.5744438870576891,2.382298999989871,Extero,13.887401400049068,sub_0052,33.8676589568456,-3.8996900402338923,,3.0514432115735612
49.2063492063492,63.25396825396825,1.2607383000431582,,-0.5255366500044151,4.116524999961257,Intero,15.340031855428546,sub_0055,31.36031735340754,-19.45102638663212,,0.883769832194572
93.84615384615384,73.06153846153846,0.7298169000423513,,0.4468702113401053,2.0996800999855623,Extero,10.434259244607894,sub_0055,31.36031735340754,-4.124779835294605,,3.33502112037491
83.05084745762711,58.91525423728814,0.948782499996014,,-0.7354426548842623,2.1317267999984324,Intero,10.477320371468767,sub_0056,29.75664572318395,-7.957416166544148,,2.602782953634251
82.1917808219178,55.84931506849315,0.8146649000118487,,-0.24377472992435512,2.1656955000071316,Extero,14.33900860749826,sub_0056,29.75664572318395,6.895662000012942,,1.920544460204693
58.730158730158735,26.365079365079364,1.4981205999501983,,-0.5005494143601024,3.865926800004672,Intero,16.1363491654439,sub_0057,35.033779573440555,-24.662557163951945,,1.299599932031811
77.21518987341773,32.037974683544306,1.4104439000366256,,0.1217019793122765,2.8666293999995105,Extero,15.806548244628804,sub_0057,35.033779573440555,-3.0170316222002374,,1.5183722805493072
60.0,43.28333333333333,1.3407869999937247,,-0.6733598802393626,4.549880200007465,Intero,17.694785754327203,sub_0058,34.050403678417204,-8.106652013726784,,1.583747824892321
70.88607594936708,57.379746835443036,1.026374600012787,,0.11117116971427285,2.8129137000069018,Extero,17.186786225811062,sub_0058,34.050403678417204,-7.169351559894644,,1.1266371609636177
57.8125,58.109375,0.7504577000217978,,-0.5303535146501227,1.965980450011557,Intero,14.292381843137331,sub_0059,30.327443627516427,-13.617026440771596,,1.2399917314517703
91.78082191780823,62.21917808219178,0.6598166000330821,,0.5508102342526138,2.0495949999894947,Extero,10.784743695828304,sub_0059,30.327443627516427,-3.729761649512629,,3.206128919617685
36.92307692307693,40.50769230769231,1.1884053999674506,,-0.5309768973738304,4.416560699988622,Intero,15.745300310977733,sub_0060,33.169210072358446,-34.98874919324866,,0.2870257056445027
93.05555555555556,69.16666666666667,0.8462470000376925,,0.515595067449419,2.0573542499914765,Extero,9.788574946704344,sub_0060,33.169210072358446,-0.931026722163676,,3.30102337088582
76.08695652173914,39.28260869565217,1.0716563999885693,,,3.223070549982367,Intero,18.81505846330149,sub_0061,39.47861258586248,-8.528298014290035,,
86.07594936708861,60.0,0.7878147999872454,,-0.26816715051912615,2.7822498000459746,Extero,10.236211003375862,sub_0061,39.47861258586248,-8.839620183920864,,2.394133284332794
45.614035087719294,27.614035087719298,0.8799178000190295,,-0.4173424990177379,3.5985129000036977,Intero,18.04002094081445,sub_0062,30.706928372383118,-17.88683520076477,,0.5142945023566876
92.85714285714286,83.78571428571429,0.7639751000097021,,0.4165542808922367,2.031927749980241,Extero,9.554685571173179,sub_0062,30.706928372383118,5.100635567971528,,3.2743892594791726
62.68656716417911,55.97014925373134,0.8356677999836393,,-0.45063758887152217,4.813473399961367,Intero,18.637198243965283,sub_0063,33.654312789440155,-4.6842199756232015,,1.233865870013238
68.42105263157895,43.026315789473685,0.7937902499979828,,-0.046836606706291556,3.9232436000020234,Extero,18.15401100798454,sub_0063,33.654312789440155,4.584978614141443,,0.9551278120034983
92.64705882352942,50.61764705882353,1.075124399998458,,-0.32104575928715073,3.065278649999528,Intero,8.972776252756024,sub_0064,37.390867559115094,3.5353917150034024,,3.0833722162690016
86.25,48.1875,0.9104920499958098,,-0.2372681292816265,3.090874799992889,Extero,12.417923908328207,sub_0064,37.390867559115094,4.92191349389627,,2.291451995638023
51.5625,46.453125,0.8791770499956328,,-0.49398457264185824,2.387985299981665,Intero,16.426895303713927,sub_0065,28.234857193628947,-29.94385123650731,,0.9468739869196856
79.74683544303798,62.392405063291136,0.7436605999828316,,0.009089373174548165,1.8636004999862053,Extero,14.96754668950748,sub_0065,28.234857193628947,-5.484724854105606,,1.665063720796732
60.317460317460316,49.77777777777778,1.3652964000357315,,-0.47899303332674903,2.966617700003553,Intero,10.743315053765233,sub_0066,30.03209723631541,-18.383141014471896,,1.3427126940985177
88.1578947368421,63.0,1.128362850024132,,0.0351454842356711,2.3489752000023145,Extero,10.123235175670008,sub_0066,30.03209723631541,4.001491414591486,,2.370989729223358
71.21212121212122,72.75757575757575,0.872434399992926,,0.018868538563234005,2.6406866000033915,Intero,15.830562256345134,sub_0068,32.598192969957985,-9.263240126514702,,1.120527247384644
80.0,76.01333333333334,0.8793400999857113,,0.5482671009568776,1.7673106999718584,Extero,11.827258543266758,sub_0068,32.598192969957985,9.690556460097968,,2.326816411105702
84.7457627118644,68.15254237288136,1.7095851000049151,,0.6321274482346437,3.1473977999994527,Intero,12.319758712001484,sub_0070,34.75543498595555,7.477955655687197,,2.6972498968252703
57.692307692307686,44.5,1.4728050499979868,,0.16887772536719184,3.4724811500054793,Extero,18.33936100583459,sub_0070,34.75543498595555,-0.2126858426769506,,0.5236991478565315
77.14285714285715,42.957142857142856,0.6677875499881338,,-0.0974670115464022,2.5985892500320915,Intero,15.203601020520225,sub_0071,26.436720581849418,-6.4274710838565134,,1.5439135234849677
94.28571428571428,77.05714285714286,0.5432832000078633,,-0.25325791661639596,1.548328400007449,Extero,13.158822351763472,sub_0071,26.436720581849418,1.8538483433085784,,3.272504087434068
76.27118644067797,66.50847457627118,1.0222991000046022,,-0.48178341992062595,1.7490802999818698,Intero,9.810370838459818,sub_0072,27.846599872907003,-12.788334120541649,,2.038605052246798
86.11111111111111,70.02777777777777,0.7311590499884915,,0.6603229461227209,1.5818000500148628,Extero,10.82425381124165,sub_0072,27.846599872907003,-3.2413568225343705,,2.850065239818216
64.17910447761194,52.134328358208954,1.2424190000165254,,0.256164943297396,3.1634147000149824,Intero,18.562914142695753,sub_0073,32.382680761814115,6.4748113058129215,,1.1709125805510365
90.27777777777779,75.625,1.1925040500063915,,0.03405099242624632,1.966131749999477,Extero,10.717862180671515,sub_0073,32.382680761814115,-3.289988042539765,,2.602253487385381
68.65671641791045,46.11940298507463,1.8279146999702789,,-0.11359670137734165,3.981727999984287,Intero,17.097848789055938,sub_0074,34.076473689079286,4.567975030003124,,0.9819772904117909
97.05882352941177,83.45588235294117,0.8892331999959424,,0.21428040010792426,2.2075650499609765,Extero,10.721153400583834,sub_0074,34.076473689079286,2.146509333182057,,3.7421503318478093
59.154929577464785,60.83098591549296,1.3799515999853609,,0.32528461371337,3.715646600001492,Intero,18.442678989590377,sub_0075,39.07926098108292,10.3900582707945,,1.0326732397190885
88.1578947368421,70.92105263157895,0.9671318499895278,,0.15768684887972972,2.9060803499887697,Extero,10.615228611156963,sub_0075,39.07926098108292,10.61793604314212,,2.419882148871917
54.385964912280706,41.719298245614034,1.6153706000186503,,-0.7037856940823328,5.949289200012572,Intero,18.73446373761352,sub_0076,35.2924506187439,-6.713086987009044,,1.3584168660366105
88.31168831168831,49.493506493506494,1.4962932000053115,,-0.30589897659093673,2.3835227000527084,Extero,12.423997129125128,sub_0076,35.2924506187439,5.751265398136718,,2.5466410853852754
48.4375,44.0,1.09375864994945,,-0.5487200747043927,3.606592400057707,Intero,18.778332365851053,sub_0077,32.03617450793584,-17.556855117750768,,0.8374029827946168
92.53731343283582,69.49253731343283,0.7909021000377834,,0.1465326923298138,1.931790699949488,Extero,11.989151467964199,sub_0077,32.03617450793584,-1.52138165160128,,2.8933722513864737
51.5625,49.5625,1.291350799961947,,-0.33724487509804085,2.7327609499916434,Intero,13.483436781062059,sub_0079,29.86067478656769,-25.75350116575124,,0.6744897501960817
84.21052631578947,54.0,1.0101422499865294,,-0.10976173669766304,1.9823900999617763,Extero,13.997027563622805,sub_0079,29.86067478656769,2.85983971308364,,2.018393288729794
56.666666666666664,50.25,1.1436394500196911,,-0.26989997809358107,2.690947850001976,Intero,15.333952287984527,sub_0080,34.30375561316808,-16.505197589116786,,0.8091795442050013
88.73239436619718,67.92957746478874,0.912804999970831,,0.3939771945540953,2.0489802999654785,Extero,13.310196250471279,sub_0080,34.30375561316808,-4.6827772277519415,,2.784356733413963
78.26086956521739,56.53623188405797,1.3388260999927295,,0.038616165726474916,4.099628999945708,Intero,16.30847406662082,sub_0082,32.643445726235704,-3.3514603007852366,,1.564351845211811
70.88607594936708,59.949367088607595,1.1629618000006303,,0.26220049363841336,2.8988817000063136,Extero,16.183200414527544,sub_0082,32.643445726235704,10.95896792602928,,1.3532276464769797
43.103448275862064,54.810344827586206,1.6150138499797322,,-0.7969886592706579,4.839639250014443,Intero,18.660594804597253,sub_0083,34.22501035531362,-19.786162081771575,,0.969125812547885
86.3013698630137,68.97260273972603,1.0781607999233531,,0.49657555096041245,2.115615099901333,Extero,13.509016790283905,sub_0083,34.22501035531362,-0.8228189574253562,,2.6441400837792965
67.74193548387096,37.74193548387097,1.0689427500474267,,-0.03207293213658319,3.09016264998354,Intero,17.180423027868226,sub_0085,32.003664096196495,-6.585686585878581,,0.9256004628640815
83.33333333333334,51.80769230769231,0.8775204500416294,,0.21750748539058884,3.5144557500025257,Extero,11.711928601655776,sub_0085,32.003664096196495,10.209584952435202,,2.0892753824644377
56.33802816901409,23.253521126760564,1.2536011000629514,,-0.428304326901272,3.6307589999632914,Intero,18.246847527821934,sub_0087,30.710036714871723,-8.143042617410616,,1.078234478400858
56.57894736842105,26.013157894736842,1.1038499000133015,,0.6556574216360032,2.4481913999770772,Extero,18.246994431969945,sub_0087,30.710036714871723,0.9749001437522948,,1.4546734109292698
67.64705882352942,49.588235294117645,0.8078191000386141,,0.05533389291681515,4.123405599966645,Intero,18.339534815988134,sub_0088,34.71843614180883,6.626297417424301,,0.9721223844245452
98.48484848484848,88.93939393939394,0.7943755000014789,,-0.17037673351033833,1.8634074000874536,Extero,9.211869165826256,sub_0088,34.71843614180883,4.913071726322016,,4.037946044023495
60.9375,39.984375,0.9386092500062659,,-0.2585895327929555,3.8732392500387505,Intero,18.085089013856326,sub_0090,34.10815637509028,-6.183594409765052,,0.8318004348062524
94.44444444444444,56.22222222222222,0.807596399972681,,-0.19801005384470227,2.1160108000040054,Extero,6.417736132970562,sub_0090,34.10815637509028,-6.209679399193734,,3.3011724693134137
62.903225806451616,46.274193548387096,0.9649819500045851,,-0.5786430866202393,3.0818039000150748,Intero,15.779851214021384,sub_0091,29.17998186349869,-19.540362157391968,,1.6087020809607975
85.33333333333334,50.266666666666666,0.9128013000590728,,0.6718807610851563,2.1669387000147253,Extero,10.729549797604534,sub_0091,29.17998186349869,-3.4016700895829457,,2.826949609893345
86.95652173913044,52.028985507246375,1.8037091000005605,,0.05963045443883863,4.680523299961352,Intero,14.076612961964017,sub_0092,38.027051373322806,12.658466447016007,,2.2544019566339597
83.33333333333334,58.55128205128205,1.4375460000010207,,0.28523403116627494,3.0734744500368834,Extero,13.499537195231195,sub_0092,38.027051373322806,-10.952678292636627,,2.099887409905324
40.27777777777778,49.861111111111114,1.1586571999941953,,-0.6406435368945612,3.473661850031931,Intero,18.88148053107657,sub_0093,28.69729464451472,-31.662597551529352,,0.6535560584142797
94.20289855072464,79.6086956521739,0.8057440998964012,,0.05096354952199589,1.7819458999438211,Extero,9.609078124818671,sub_0093,28.69729464451472,-4.884598489383836,,3.137785418232548
47.14285714285714,79.97142857142858,0.7563891999307089,,-0.5493706459032922,2.9405090999789536,Intero,9.255022162676331,sub_0094,28.117696066697437,-25.66417607350611,,0.8361018403968177
92.1875,97.75,0.6267797000473365,,-0.4594161463191657,1.733068400004413,Extero,12.392584403022955,sub_0094,28.117696066697437,-4.064191908663313,,3.1886655286253136
80.3030303030303,28.803030303030305,0.8985424499842338,,0.1228044352306023,4.514941350033041,Intero,11.094594309538548,sub_0095,33.12487418651581,-8.893257653589112,,1.7327283842200658
82.05128205128204,40.69230769230769,0.842365049989894,,0.18465778442664954,3.1172749000252225,Extero,12.989220500900196,sub_0095,33.12487418651581,6.452006937394283,,1.9313831918987168
72.88135593220339,57.33898305084746,1.1437767999013886,,-0.7161894229662156,3.798912100028247,Intero,15.585472618171833,sub_0096,35.621300137043,-14.24127070406815,,2.1731073355459505
84.93150684931507,64.93150684931507,0.9132408999139444,,0.5190167084764017,1.9997065000934529,Extero,9.404116972415373,sub_0096,35.621300137043,-0.7375709021865723,,2.5674527645255774
69.86301369863014,54.534246575342465,0.993128800066188,,-0.6688200557878807,2.8324866999173537,Intero,16.95032586700821,sub_0097,33.33271486759186,-7.9910759952608075,,1.9020724057007778
73.07692307692307,45.294871794871796,1.0806098999455571,,-0.07215464751068723,3.3815177499782303,Extero,18.91745321507974,sub_0097,33.33271486759186,-4.179358486926257,,1.3283225397308849
76.47058823529412,33.254901960784316,0.7707222000462934,,-0.32271817381336537,2.1494730999693274,Intero,16.919271934574653,sub_0098,28.052773507436118,-5.600685734816387,,1.7282265178849063
85.5072463768116,56.289855072463766,0.6678486000746489,,0.3209593129141912,1.7998019999358803,Extero,13.766723411383285,sub_0098,28.052773507436118,11.552957048106515,,2.325161092974211
47.540983606557376,61.377049180327866,0.9549809000454844,,-0.3904516535558661,2.5962923999177288,Intero,17.097960618558414,sub_0099,28.518041292826336,-15.774750364807401,,0.5680761932804312
92.85714285714286,94.75714285714285,0.6984895499772392,,0.5174581564994482,1.5472177499905229,Extero,10.492469641526707,sub_0099,28.518041292826336,-3.1469032898864286,,3.2728330751240167
69.84126984126983,61.714285714285715,0.8963763000210747,,-0.43549556421641944,2.9489189999876544,Intero,18.19390107171397,sub_0100,28.845796577135722,3.680146338595558,,1.3776853347044382
88.73239436619718,77.35211267605634,0.9254106000298634,,-0.25702215578317245,1.915950100054033,Extero,9.198939943377964,sub_0100,28.845796577135722,-8.980437160251563,,2.5541967771387477
75.0,53.69117647058823,1.0257767000002787,,0.6285445700931541,2.01608605007641,Intero,15.3154524836761,sub_0101,26.281289943059285,12.736603904703793,,2.0796932477078505
82.1917808219178,69.10958904109589,0.6837484999559821,,0.6531313232255986,1.764972100034356,Extero,11.917730703855435,sub_0101,26.281289943059285,10.14586654534427,,2.6552421468433605
57.8125,10.3125,2.074067900015507,,-0.256030188777398,5.823779400030617,Intero,18.524475353661664,sub_0102,38.56806628306707,-14.579683363297107,,0.8369191228373674
75.0,34.1,1.8931860000011511,,-0.30217212584557235,3.7993847000179817,Extero,16.209463687376278,sub_0102,38.56806628306707,4.849571950664275,,1.5749797122010691
51.61290322580645,63.193548387096776,1.1679202499799433,,0.11847315394512328,3.6900270499754697,Intero,18.218735108296713,sub_0103,38.494655176003775,-4.846023878286963,,0.027679396662095776
87.34177215189874,65.75949367088607,1.1787676999811083,,0.5383610024263898,2.3479076999938115,Extero,11.826084081449823,sub_0103,38.494655176003775,-2.319066891510128,,2.727710986711251
67.6056338028169,26.056338028169016,1.3249624000163749,,-0.6658068331097224,3.3832381999818613,Intero,11.806925670973994,sub_0104,35.79947311083476,-13.770664532369919,,1.9580935876834995
83.78378378378379,54.0945945945946,1.162869399995543,,-0.04554199948948484,1.989999399986118,Extero,12.585034129272652,sub_0104,35.79947311083476,-8.604226053258603,,1.9977335907662224
88.67924528301887,55.943396226415096,0.9812044000718744,,0.43652260981755875,2.8826115000993013,Intero,12.647233741710744,sub_0105,39.72311861117681,-2.161605953447241,,2.6646048574022956
72.72727272727273,61.98701298701299,0.8334414998535067,,0.6618642567665951,2.148746400140226,Extero,10.459531801345497,sub_0105,39.72311861117681,12.210405633518945,,2.213921563504223
76.81159420289855,57.56521739130435,1.4172858998645097,,-0.7750125486759106,2.783318600151688,Intero,12.5331501826916,sub_0106,32.522354332606,-13.945694253853762,,2.4114796959427363
69.33333333333334,44.84,1.1635636999271808,,0.5801955594781147,2.8781711999326944,Extero,18.02194768657721,sub_0106,32.522354332606,5.615368957168582,,1.8417807731318203
85.71428571428571,47.301587301587304,0.7842409999575466,,0.20650343717227387,4.66602659993805,Intero,11.509568819780776,sub_0107,36.1026473124822,-5.946013314034897,,2.1872999923822998
83.56164383561644,45.15068493150685,0.8557928998488933,,-0.25425741281002423,2.7816345000173897,Extero,15.973658395733265,sub_0107,36.1026473124822,3.2150245054739983,,2.091792041106798
73.01587301587301,69.87301587301587,0.7396591000724584,,0.801591722705708,2.4649851999711245,Intero,16.042143066815544,sub_0108,27.115819732348125,0.8528770200755906,,2.2258282046996984
87.34177215189874,69.87341772151899,0.6287703998386861,,-0.3353808253730947,1.831330899847672,Extero,12.471928800199569,sub_0108,27.115819732348125,8.834941888162117,,2.4876773878209595
65.15151515151516,8.954545454545455,1.1103707499569282,,-0.12109218282276626,2.4403285500593483,Intero,17.397337359483338,sub_0109,29.49661523103714,2.492743157781668,,0.8066166597705489
71.23287671232876,25.315068493150687,1.1296733000781387,,0.3320917060653032,1.9148698998615143,Extero,16.075840728206124,sub_0109,29.49661523103714,9.245320377117528,,1.5573598211429642
79.41176470588235,56.411764705882355,0.7539618998998776,,0.175302193568114,3.607975850114599,Intero,16.143151105052787,sub_0110,38.802916538715365,5.4856916670467015,,1.7382132026089638
73.41772151898735,42.32911392405063,0.7723099000286311,,0.08244433145756619,2.5652687000110745,Extero,12.304611490027733,sub_0110,38.802916538715365,9.71324973481972,,1.2781559050495543
84.0,76.66,1.236690350000572,,-0.49189449432090726,2.140665100003389,Intero,9.855004937349587,sub_0111,34.13708746830623,-12.018554740006454,,2.5538610883955988
84.50704225352112,71.26760563380282,1.1652739999990445,,-0.22926609989525443,1.916675000000396,Extero,16.42292330799075,sub_0111,34.13708746830623,-3.490170725418043,,2.141774666936337
51.61290322580645,49.04838709677419,0.9485510500016971,,-0.5679932242892431,4.240815350000048,Intero,18.09520132732536,sub_0112,33.87234488328298,-11.917291763427752,,0.999154599177796
88.60759493670885,63.91139240506329,0.7749570000014501,,0.496879313622315,2.4167326999959187,Extero,9.469300765420812,sub_0112,33.87234488328298,6.0458924527567985,,2.8106743643194005
80.32786885245902,52.9344262295082,0.7195074999981443,,0.7490106728663124,2.098891400004504,Intero,11.842982502416325,sub_0113,29.22968061765035,5.959907862279628,,2.5028257924793356
67.14285714285714,45.81428571428572,0.677904350002791,,0.7346908153653117,1.8160831999994116,Extero,18.060594155684786,sub_0113,29.22968061765035,1.918226037855946,,1.9939471615138669
86.15384615384616,46.03076923076923,1.0697908000001917,,0.021600546379322072,2.515710899999249,Intero,15.892714078438845,sub_0114,28.545767446358997,2.868587552379754,,2.1783421405149266
80.88235294117648,57.8235294117647,0.9570006499998271,,0.5052735347576109,1.7729039000005287,Extero,13.928244190282516,sub_0114,28.545767446358997,10.559816924728027,,2.326235318378937
89.70588235294117,63.05882352941177,1.0917951000010364,,0.22439781813789383,2.8987011999997776,Intero,10.543274801665547,sub_0115,29.018550089995067,-1.5479443765312613,,2.619445452429305
76.05633802816901,65.2394366197183,0.9408530000000608,,0.056265343721800476,1.9495246000005864,Extero,15.988079545276976,sub_0115,29.018550089995067,-6.389259171914313,,1.4168886601291732
67.3076923076923,52.25,1.0650014499951794,,0.2377574383861722,5.557964399999037,Intero,18.649868553924467,sub_0116,33.38231100241343,5.624979850373356,,1.207727590373484
84.0,58.14666666666667,0.9123733000014908,,-0.01346862617669592,3.3138543000095524,Extero,9.637207716960743,sub_0116,33.38231100241343,-6.380601261913598,,1.9930430861457724
69.11764705882352,77.02941176470588,1.0281973499950254,,-0.2541548571254183,2.9489220500036026,Intero,18.933903121489983,sub_0117,31.39808984597524,-8.635030171385626,,1.4265334179525655
88.60759493670885,85.39240506329114,0.8326805000106106,,0.5286060517588327,2.4156659000000222,Extero,9.29464054296026,sub_0117,31.39808984597524,5.96777136965879,,3.016456159885111
44.61538461538462,48.738461538461536,1.127884699992137,,-0.5854828988170937,3.281591599996318,Intero,16.227009301345976,sub_0118,32.27951860030492,-33.145297812928504,,0.7638773345692147
85.5072463768116,68.82608695652173,0.792702199993073,,0.23677180797238234,1.9834329000004802,Extero,13.822317587886744,sub_0118,32.27951860030492,-8.151863473749179,,2.196811856293109
62.31884057971014,41.94202898550725,1.1430389000015566,,0.27756617388965915,3.58255759999156,Intero,18.23539047663017,sub_0119,34.71237493356069,-3.3091161561847637,,0.8697537169996598
83.11688311688312,68.76623376623377,1.0448090999998385,,0.6039646992911522,2.632817599995178,Extero,12.193238063450256,sub_0119,34.71237493356069,-5.402027479377496,,2.489263178420514
80.64516129032258,46.58064516129032,1.8167817500216188,,-0.6970075813035954,3.407784549999633,Intero,13.934261481445127,sub_0120,35.97215301990509,-9.609905482709722,,2.5259128064729173
90.27777777777779,61.93055555555556,1.2172319499804873,,-0.23838957613420508,2.2156469500041567,Extero,12.589155901997595,sub_0120,35.97215301990509,5.705827512336918,,2.681659886298739
80.3030303030303,69.96969696969697,1.3719418999971822,,-0.07981677075879184,3.973214950005058,Intero,17.095210600450066,sub_0122,38.64501052300135,1.3612325227719932,,1.7297056412713676
74.35897435897436,71.1025641025641,1.2364877499931026,,0.19404172504734446,2.772123949995148,Extero,18.35235596086097,sub_0122,38.64501052300135,5.259174601593734,,1.4895451836591174
37.096774193548384,34.33870967741935,0.709330650002812,,-0.6913308634638862,2.682617750004283,Intero,18.713022917656804,sub_0123,28.421320243676504,-38.65364992685869,,0.5521814052756298
79.71014492753623,43.63768115942029,0.6549982999858912,,0.5488185378016328,1.8826966999913568,Extero,16.238788327082435,sub_0123,28.421320243676504,-2.0628502596332066,,2.28360618356653
83.07692307692308,31.323076923076922,0.9961122999957296,,-0.6720592891196092,3.613750299991808,Intero,12.525615994481091,sub_0124,33.741787966092424,-11.879135898927634,,2.656728559972742
92.0,41.06666666666667,1.008015900006285,,0.14883397686948707,2.9662519999837973,Extero,8.42681799001146,sub_0124,33.741787966092424,3.6032884956243634,,2.860771084828175
79.03225806451613,16.677419354838708,0.7321390497963876,,-0.7733306894680504,2.6147360501345247,Intero,12.720005693546849,sub_0126,31.78396237293879,-13.595626878470428,,2.45418575927586
91.54929577464789,67.0,0.7171952999196947,,0.1945859289981745,1.964720199815929,Extero,9.912891046386981,sub_0126,31.78396237293879,-1.4330050469895612,,2.797265778049752
75.0,45.94444444444444,0.7668855499941856,,-0.254070009457436,3.1902791000902653,Intero,15.204204769106875,sub_0127,34.539893090724945,-11.896943860600087,,1.532012446657531
62.121212121212125,68.54545454545455,0.6430705999955535,,0.6843375886979419,2.373955899849534,Extero,17.625298594015497,sub_0127,34.539893090724945,7.785636041074772,,1.5617924079751622
50.0,58.69642857142857,0.9260979001410306,,-0.3604627374833044,2.1245277000125498,Intero,10.848848585249419,sub_0128,28.72273180882136,-26.089394913671345,,0.6280540254255547
70.27027027027027,59.24324324324324,0.9704082503449172,,0.318421612291342,2.191360999830067,Extero,14.038679484696916,sub_0128,28.72273180882136,12.876358567267882,,1.4982978231735988
58.730158730158735,39.82539682539682,1.2040430996567009,,0.33394008583057067,4.3816819000057885,Intero,18.39194934256858,sub_0129,32.52676578760147,6.88299115646254,,1.015362295484687
78.66666666666666,51.21333333333333,1.1789949000813067,,0.2823711095760744,2.733737600035965,Extero,14.542985013298928,sub_0129,32.52676578760147,-4.688889490363693,,1.735956541599867
47.69230769230769,52.0,0.6851793001405895,,-0.544504474426092,2.482528899796306,Intero,14.912321405950728,sub_0130,29.137457235654196,-29.136726283199955,,0.8458341833512182
91.30434782608695,71.57971014492753,0.6174809001386166,,0.19619404326387802,1.714438899885863,Extero,10.235101100216747,sub_0130,29.137457235654196,-2.112810384430202,,2.766050952039393
65.67164179104478,57.208955223880594,1.2089773002080622,,-0.3036458371560658,3.215879200026393,Intero,18.87080567728198,sub_0131,30.804465548197427,-8.537235512573595,,1.3275514578912704
98.30508474576271,90.96610169491525,0.7368637998588383,,0.15469982066746168,1.5993460998870432,Extero,10.96191318093194,sub_0131,30.804465548197427,-4.8595687064037385,,3.9466908270350447
48.4375,45.03125,1.3695826497860253,,-0.5487200747043927,3.4721089501399547,Intero,18.630315732156078,sub_0132,32.70149126847585,-15.125099147373035,,0.8374029827946168
85.33333333333334,68.96,1.1015173001214862,,0.08374752594589502,2.2828456000424917,Extero,13.561746206314421,sub_0132,32.70149126847585,-7.492107816506669,,2.102338184095192
47.22222222222222,70.29166666666667,0.8131496999412775,,0.8394744492415629,2.9240799502003942,Intero,18.652745879210173,sub_0133,31.257274560133617,7.949644321762125,,1.2515186868879202
90.76923076923077,83.13846153846154,0.6484717000275849,,0.6227084127620355,1.616326100192964,Extero,9.63994355104036,sub_0133,31.257274560133617,0.9009350051714948,,3.062332562598842
90.0,45.666666666666664,0.869798599742353,,0.39637646074480415,3.247802200028673,Intero,12.358419408296536,sub_0134,30.517239479223885,-7.455600259071968,,2.8127332599887724
85.8974358974359,55.03846153846154,0.8848707498982549,,-0.3696159902162814,2.224965750006959,Extero,10.245051502103577,sub_0134,30.517239479223885,0.5335229457602748,,2.390220962291034
52.63157894736842,45.666666666666664,0.7956277001649141,,-0.5869995106533136,3.4161950997076933,Intero,18.16701907357307,sub_0135,32.110609789689384,-14.624504889468307,,1.1266997394453886
76.92307692307693,60.282051282051285,0.6293099001049995,,-0.16215707253201678,1.890594800002873,Extero,16.046058734208774,sub_0135,32.110609789689384,3.204779657300985,,1.5334848382305077
78.125,45.53125,0.9322811998426916,,-0.5536672603743495,2.2400457500480115,Intero,13.089765200418324,sub_0136,28.85522777636846,-12.486361479720664,,2.1823727331542453
91.30434782608695,75.72463768115942,0.8164941999129951,,0.5389736910168852,1.8830275996588168,Extero,12.909362606283699,sub_0136,28.85522777636846,-7.502741399303132,,3.15081416102135
87.5,58.625,0.7994412498082966,,-0.43469506542573627,2.191521550063044,Intero,13.332484346638982,sub_0137,29.222181340058643,-3.362328333674639,,2.6682599461859406
84.93150684931507,64.91780821917808,0.9095797003246844,,0.2294178838538432,1.7664117002859712,Extero,13.495637394724223,sub_0137,29.222181340058643,8.501743630067857,,2.1771860268993874
70.96774193548387,33.95161290322581,0.8167359998915344,,-0.6566148428781724,3.5235047000460327,Intero,15.580211808383426,sub_0138,28.928279312451682,-8.808825459083211,,2.0680135734134524
71.23287671232876,49.0,0.6811873996630311,,-0.012276868401887686,2.083668800070882,Extero,18.563121244639614,sub_0138,28.928279312451682,4.4340564022035815,,1.1073439070619508
78.78787878787878,62.71212121212121,0.7321360497735441,,0.6575314241744135,3.482639699941501,Intero,16.497684914126598,sub_0140,30.46695305109024,5.546452985851187,,2.222587228688586
76.62337662337663,66.53246753246754,0.6784411002881825,,0.6330374995892039,2.46646280027926,Extero,17.029937108824935,sub_0140,30.46695305109024,2.144096805675918,,2.1972537930660825
80.0,77.98461538461538,0.7280258000828326,,-0.17773350601464327,2.033068000338972,Intero,15.104515169457375,sub_0142,25.77428909142812,-2.113981352002374,,1.70444651242145
90.14084507042254,87.90140845070422,0.7244703001342714,,0.5734796027129296,1.5827172999270258,Extero,10.469967449062512,sub_0142,25.77428909142812,-0.7224815232692035,,3.081802337629261
80.28169014084507,42.71830985915493,1.495753000024706,,-0.2531512828464557,3.3495867997407918,Intero,14.191155925111554,sub_0144,32.93314952850342,-0.13550441830931753,,1.890456838920938
76.81159420289855,49.072463768115945,1.1435742997564375,,0.3187338429316586,2.3478688998147845,Extero,16.925611920313457,sub_0144,32.93314952850342,-2.5887070790374627,,1.7125058982688635
85.07462686567165,45.865671641791046,1.0076716002076864,,0.3952803937365578,2.1831151000224054,Intero,12.576586715685208,sub_0145,26.678187104066215,-6.708428435450556,,2.277680301231977
85.71428571428571,60.1948051948052,0.8128684000112116,,0.5337812384893501,1.6657865000888703,Extero,13.699639988483966,sub_0145,26.678187104066215,-1.4643185144000102,,2.629630100024118
59.25925925925925,27.98148148148148,2.0211727500427514,,-0.4577062536905935,4.099272600142285,Intero,18.50793839857065,sub_0146,36.65496282974879,0.2365383447516195,,0.7678299597646416
69.44444444444444,66.36111111111111,1.4873561500571668,,0.36390915525564166,2.263681650161743,Extero,16.68964279508202,sub_0146,36.65496282974879,6.430548442552755,,1.4937249227622873
73.84615384615385,48.646153846153844,1.2387224999256432,,-0.3223280756629887,2.931951900012791,Intero,16.892048605614953,sub_0147,31.83117458820343,-8.92245644360719,,1.5489509728610495
88.70967741935483,80.06451612903226,0.8436223000753671,,-0.22679154858796424,1.6745372998993844,Extero,14.691504253435689,sub_0147,31.83117458820343,4.212922189694579,,2.5134966216266648
52.17391304347826,77.59420289855072,0.9027795000001788,,-0.660363825523849,3.7656072000972927,Intero,18.524377530906204,sub_0148,31.319486367702485,-6.7362368345785475,,1.2423754800415028
88.40579710144928,84.43478260869566,0.9183674999512732,,0.604606358392494,1.9834433998912573,Extero,13.47474669897742,sub_0148,31.319486367702485,-7.3390909863808576,,2.96149841527867
64.51612903225806,36.12903225806452,0.7945664497092366,,0.19928434354406083,2.6069278502836823,Intero,17.746988560355348,sub_0149,30.564170030752816,13.64432024881476,,0.9504108133040418
79.71014492753623,48.492753623188406,0.7675326000899076,,0.5875153875275171,2.1153946998529136,Extero,11.395567221502187,sub_0149,30.564170030752816,2.645134106392976,,2.2882980171894562
63.76811594202898,40.63768115942029,1.5255251000635326,,0.23221795598843434,4.547282500192524,Intero,18.04534110229737,sub_0150,32.49119188785553,12.21257234445041,,1.0081959227753903
68.0,57.693333333333335,1.4202385996468363,,0.5374762614355788,2.698961399961263,Extero,18.489115266546854,sub_0150,32.49119188785553,-0.5354964594816651,,1.5433909107003965
82.53968253968253,45.285714285714285,1.0963412001729012,,0.6912193903187382,1.9320294000208376,Intero,14.151170597744072,sub_0151,28.575483326117197,7.890448523365978,,2.618408357574484
93.05555555555556,62.611111111111114,0.7260730001144111,,-0.3327821271310544,2.0742495500016958,Extero,11.507444208670304,sub_0151,28.575483326117197,0.6769283236771244,,3.138868737301922
52.083333333333336,44.145833333333336,0.7885926500894129,,-0.49763829654357983,2.0991635997779667,Intero,14.470637218019846,sub_0153,27.980749972661336,-17.337752425119394,,0.9395665391162424
87.5,75.22222222222223,0.7018569998908788,,0.6836781943173826,1.6324152499437332,Extero,10.323958531800919,sub_0153,27.980749972661336,-2.744786003117847,,2.9150398533092714
57.377049180327866,65.06557377049181,1.071127699688077,,-0.5200935662038012,1.8156678997911515,Intero,13.730605788144025,sub_0154,27.19016351699829,-26.78153826464163,,1.2605116283444133
84.21052631578947,62.18421052631579,1.1598320500925183,,-0.09255959069796837,1.9149011499248445,Extero,14.018105074551725,sub_0154,27.19016351699829,-9.055530477330992,,2.0197615526343933
58.9041095890411,60.19178082191781,0.8122373000005609,,-0.7187809645314536,2.7825519999996686,Intero,16.97164092871386,sub_0155,28.580190400282543,-16.316589934560444,,1.6306791596421855
96.61016949152543,89.77966101694915,0.6654689000006329,,-0.038288153080287324,1.6814907999996649,Extero,14.055352320823092,sub_0155,28.580190400282543,-7.2480170750981525,,3.6488874286827286
69.86301369863014,48.52054794520548,0.7965526999996655,,-0.12188122545031208,2.9983599999995936,Intero,17.691262229933947,sub_0156,32.60311742226283,4.872170286111633,,1.1052170494915392
57.14285714285714,25.571428571428573,0.720746599999984,,0.2111097941135195,2.7997688000014023,Extero,18.332862716727,sub_0156,32.60311742226283,10.8164953630694,,0.7096780556386872
78.57142857142857,58.65714285714286,1.2450076999975863,,0.04310310360622244,5.373707099997773,Intero,14.63158663984228,sub_0157,34.58068619966507,8.453563703971492,,1.5970362599333834
84.81012658227847,58.151898734177216,1.1363248999987263,,-0.16404033795644946,3.1669564000003447,Extero,11.522739921766881,sub_0157,34.58068619966507,9.039889790445807,,2.1132000217818003
68.05555555555556,75.26388888888889,0.7619970499999908,,-0.6311202694766427,3.5142241999983526,Intero,15.557283350002177,sub_0158,29.121861525376637,-12.144653434167182,,1.8060005497518072
80.0,69.29333333333334,0.7694254999987606,,-0.3293129211672563,2.43321090000245,Extero,10.582200786581083,sub_0158,29.121861525376637,1.7832875946593338,,1.9044772887546881
94.64285714285714,54.125,0.6657216000003245,,-0.13386954623734082,2.290317999999388,Intero,10.346085778381788,sub_0159,26.55232717990875,-10.84657982408449,,3.269910984562731
70.27027027027027,60.36486486486486,0.6457176500007336,,-0.26928968334024417,2.0824214500007656,Extero,16.7896028605185,sub_0159,26.55232717990875,3.276166221826019,,1.1912093506900774
56.451612903225815,74.29032258064517,0.8065114000019094,,-0.4305040045930253,2.4992884999992384,Intero,10.525835379179359,sub_0160,29.83409821589788,-15.891313503098814,,1.0738351230173515
71.25,70.575,0.9057531500002368,,0.4481155495685163,2.707739350000338,Extero,17.633148373387357,sub_0160,29.83409821589788,7.42472422664397,,1.6668720319521682
52.38095238095239,51.19047619047619,1.5253435999984504,,-0.4837107830508505,4.6476216000010036,Intero,17.784499461888284,sub_0161,35.54988459746043,-25.421260248311402,,0.967421566101701
90.78947368421053,65.8157894736842,1.1460158500012767,,0.6052507514902419,2.557307250001031,Extero,10.871063568709284,sub_0161,35.54988459746043,-6.947034094957791,,3.1453446351838856
86.4406779661017,79.76271186440678,0.6579190000047674,,0.217229543137,1.5995125999979791,Intero,15.763199748092394,sub_0162,25.33312073548635,6.495625296833262,,2.3315291679272763
86.56716417910447,84.4776119402985,0.6124674000020605,,0.5070246062448802,1.4330388000016685,Extero,11.926151957072284,sub_0162,25.33312073548635,-1.0706123357960988,,2.623241973210361
60.65573770491803,85.1639344262295,0.747604800038971,,-0.09366156074241315,3.4990869999746788,Intero,18.262510506864785,sub_0163,29.714131605625152,-5.0538351126433865,,0.6741314771060886
84.4155844155844,91.25974025974025,0.7120281000388786,,0.5228128965841646,2.0807468999992125,Extero,10.004159937767882,sub_0163,29.714131605625152,2.917056510804008,,2.5598603883100512
82.85714285714286,47.357142857142854,0.7486622500000522,,-0.3578277079600046,3.440243149991147,Intero,15.303238160961607,sub_0164,28.842973260084786,-1.6257363138594978,,2.1765517699163413
86.07594936708861,63.607594936708864,0.6779389000148512,,-0.11318675334070122,2.383198599971365,Extero,10.046321186230779,sub_0164,28.842973260084786,9.250184451880644,,2.1612166388848046
54.666666666666664,35.373333333333335,1.1330039000022225,,0.04530101318133653,3.2800658000051044,Intero,18.152016249327048,sub_0165,30.149413216114045,-5.588798476432196,,0.1996398560588752
88.57142857142857,50.25714285714286,0.9136717000219505,,0.5649409449437552,1.9987267999968024,Extero,9.64934158566231,sub_0165,30.149413216114045,10.762335124427056,,2.9776159313761354
71.875,53.671875,0.7308874999944237,,-0.03010908094665976,2.223858649995236,Intero,12.29103111490808,sub_0166,29.473221095403037,3.158627612804768,,1.170064047298627
58.333333333333336,51.27777777777778,0.7567151999974158,,0.5751159199198584,1.8916039499963517,Extero,18.319070647061444,sub_0166,29.473221095403037,14.553660462278039,,1.4128712912494839
81.25,90.75,0.7001361000002362,,0.02890683704715985,1.8742174999788401,Intero,18.667096826881266,sub_0168,26.78373934427897,-11.095650898764504,,1.7410561412401484
90.9090909090909,89.54545454545455,0.6047373999899719,,0.374294863869578,1.7483893999888096,Extero,13.669215513244007,sub_0168,26.78373934427897,2.0300387889271025,,2.9192395438926733
49.18032786885246,48.50819672131148,1.131833299994469,,0.5269824670083585,1.8308276000316253,Intero,10.223175718019665,sub_0169,27.382639761765798,21.18941596305741,,0.8808781981866851
96.92307692307692,62.58461538461538,0.8796185999526642,,0.04793011610274833,1.7483105999999682,Extero,9.265913766693828,sub_0169,27.382639761765798,-5.897732652578116,,3.733151417905618
50.0,38.34848484848485,1.1606994000030681,,0.7307819676686528,3.9737876499712,Intero,18.76108835534184,sub_0170,42.456792771816254,5.5740024712121,,1.1015391957518952
61.53846153846154,48.38461538461539,1.0181630999722984,,-0.5097441663714882,3.4655698999995366,Extero,18.270682656526915,sub_0170,42.456792771816254,-7.032381957250812,,1.4217923649517228
60.0,67.35384615384615,0.8939171000383794,,0.49791040284065036,1.96543609991204,Intero,16.64911751757767,sub_0171,27.691992088158926,14.411832110219727,,1.304877955070715
84.72222222222221,85.54166666666667,0.7868715000222437,,-0.12581382945612685,1.7913050500210375,Extero,13.018343035292444,sub_0171,27.691992088158926,5.793390777742685,,2.08627003015071
52.054794520547944,25.80821917808219,0.9639705999998114,,0.6592110491033403,3.932305500000439,Intero,17.744737553698045,sub_0172,32.45981629689535,13.503130240183587,,1.2446810328825202
91.66666666666666,66.5,0.87722389999999,,0.4294163145429203,2.214947749998828,Extero,8.139264878932511,sub_0172,32.45981629689535,4.582223083386311,,2.9939736768421232
87.32394366197182,69.77464788732394,0.5327746000002662,,-0.582206542992099,2.932035600000745,Intero,11.914503097012913,sub_0173,30.007109530766805,0.13809574162301394,,2.9092551774185775
72.97297297297297,72.75675675675676,0.6135068499988847,,-0.27709258732793335,2.1159709000003204,Extero,10.131391382427122,sub_0173,30.007109530766805,-8.363018157838638,,1.518681604331713
51.5625,68.25,1.0371694000205025,,-0.49398457264185824,2.1312723498558626,Intero,14.08068230714428,sub_0174,30.496632655461628,-18.740258386459512,,0.9468739869196856
92.95774647887323,73.36619718309859,0.9323348000179976,,-0.28352236147840437,1.813512299908325,Extero,13.296840497704569,sub_0174,30.496632655461628,8.460825217140975,,3.1301478540460095
50.0,60.088235294117645,0.6720318499974383,,-0.5126495654564557,3.699313949997304,Intero,11.032424995037431,sub_0175,31.552914317448934,-15.982291853473573,,0.9095440012904907
84.21052631578947,70.53947368421052,0.7561512000029325,,0.005894498548347893,2.415965899999719,Extero,10.205543163757046,sub_0175,31.552914317448934,3.5078437266540115,,2.008191341402468
49.23076923076923,64.13846153846154,1.0946241999990889,,-0.6706362067455622,3.5165006000024728,Intero,18.72804243552684,sub_0176,28.4710284948349,-6.3514358524112895,,0.793868634265158
64.38356164383562,78.64383561643835,0.8826769000006607,,0.6780083543471315,1.6158732999974743,Extero,11.174337052729756,sub_0176,28.4710284948349,13.375077422785337,,1.8304209273518384
69.56521739130434,40.0,0.9415607999981148,,-0.32106978947557974,3.4321091999991036,Intero,17.1630879988926,sub_0177,29.325164890289308,3.73022521549414,,1.1995063737855982
91.13924050632912,57.68354430379747,0.7040201999989222,,-0.07226265336412352,1.7989419000005,Extero,8.838072580922239,sub_0177,29.325164890289308,-0.26448756690071795,,2.7076284378174478
31.147540983606557,67.67213114754098,0.75695499998983,,-0.8919946905778544,3.7501106000272566,Intero,18.888823294515475,sub_0179,30.174963068962096,-25.561312074021174,,0.5167093795963069
77.63157894736842,78.32894736842105,0.6422478499880526,,-0.36580770821687103,2.5985319500032347,Extero,17.33963311140431,sub_0179,30.174963068962096,2.0234345475589466,,1.7926749368118744
85.71428571428571,43.285714285714285,0.9610933000221848,,-0.1063846427198275,3.2822771999635734,Intero,14.980362838808539,sub_0180,31.419163000583648,-4.735086781066832,,2.1839901191741946
83.54430379746836,65.72151898734177,0.8145389999845065,,-0.4042611570789922,1.997800500015728,Extero,11.43902007791296,sub_0180,31.419163000583648,2.4018951703428093,,2.259718774547108
55.55555555555556,39.301587301587304,0.7995507000014186,,-0.5432891729091887,2.698292599990964,Intero,18.270876339062255,sub_0181,26.301914060115813,-15.733397091884283,,1.2141204149336384
87.67123287671232,66.84931506849315,0.5760019000008471,,0.22617022762041572,1.6993385999958264,Extero,13.285324062254482,sub_0181,26.301914060115813,8.074299898049006,,2.478127130130215
80.82191780821918,77.94520547945206,0.7194791000074474,,-0.028906837047159906,1.6664432999968994,Intero,14.719642345572732,sub_0182,27.8427019794782,5.519636358493748,,1.7410561412401482
81.0126582278481,72.11392405063292,0.8893960999994306,,0.35057488574055967,1.8655261000094467,Extero,12.325664962914065,sub_0182,27.8427019794782,7.407327147564706,,2.1089933491381463
76.27118644067797,67.57627118644068,0.7471096999943256,,-0.09358451642045523,1.5161497000081,Intero,17.319945903442544,sub_0183,24.27251220146815,-6.6921463402064205,,1.4960734343049182
53.84615384615385,58.01282051282051,0.7515997500013327,,0.6956628838478919,1.6983756499976153,Extero,18.475654291713507,sub_0183,24.27251220146815,2.554350622286071,,1.2790297045420902
83.33333333333334,66.23333333333333,1.4799788000091212,,0.6833917841631396,2.05731845000264,Intero,14.696941735601762,sub_0184,30.139053455988567,8.99638989375585,,2.634063569885681
89.04109589041096,66.06849315068493,1.0517339000070929,,-0.108392810968585,1.9328223000047728,Extero,9.431553389984133,sub_0184,30.139053455988567,7.458799240600706,,2.486618857924152
47.82608695652174,33.73913043478261,1.4599719999969238,,-0.7815032484466715,2.5326319000014337,Intero,18.614737851554,sub_0185,29.841824809710186,-11.942711115361098,,1.202981757307933
85.29411764705883,63.64705882352941,0.993551949999528,,0.34824478284186233,1.8477430999992066,Extero,11.715726027393453,sub_0185,29.841824809710186,9.88519003810364,,2.305682326404325
63.934426229508205,40.540983606557376,0.9242153000086546,,-0.19629980344683706,4.098469099990325,Intero,18.174784446739928,sub_0186,38.43301637570063,-0.12392592202049772,,0.8746803946657278
55.12820512820513,29.974358974358974,0.8018717500090133,,0.5572663743579692,4.888834700002917,Extero,18.29950590111458,sub_0186,38.43301637570063,5.352647558331487,,1.1861660120360773
81.69014084507043,47.943661971830984,1.29747399999178,,-0.0434504603262329,3.7488999000051986,Intero,13.85510938026604,sub_0187,32.09538869460424,-6.702309561378755,,1.8101691610008104
87.34177215189874,58.11392405063291,1.21263860000181,,-0.13073766637919948,2.3641434999881312,Extero,9.12137140066982,sub_0187,32.09538869460424,4.769224102874209,,2.3016277983308018
57.971014492753625,43.028985507246375,1.1946890999097377,,-0.5074823224292456,2.931131500052288,Intero,18.45518145329568,sub_0188,31.245531356334688,-20.132751833249774,,1.2857341158935245
69.62025316455697,48.34177215189873,1.1967465999769047,,-0.0018842899108545974,2.0656998000340536,Extero,16.565259370576467,sub_0188,31.245531356334688,-5.393075876791206,,1.0276410075643678
59.42028985507246,56.15942028985507,1.3249455000041053,,-0.5621204404672149,4.447537700063549,Intero,13.213077550909189,sub_0189,37.55575675566991,-16.873663760953118,,1.438862250154771
75.9493670886076,72.9367088607595,1.0814083999721331,,-0.02797921340104209,3.815116100013256,Extero,15.72498402616602,sub_0189,37.55575675566991,4.526050976236799,,1.4049379271942475
62.71186440677966,48.49152542372882,1.663159199990332,,-0.3490147371447303,4.768751699943096,Intero,16.654059012486414,sub_0190,35.92462378342946,-12.651694133810425,,1.11888626278531
95.83333333333334,83.95833333333333,1.1923400000086986,,0.44821404957099364,2.132860450015869,Extero,9.637592633836034,sub_0190,35.92462378342946,-3.4419526553801782,,3.56678357137986
50.79365079365079,57.79365079365079,0.8467070999322459,,-0.5046054319590775,3.5983133000554512,Intero,18.025913696155428,sub_0192,31.599624903996787,-22.42433770819139,,0.9256322682852471
78.66666666666666,65.6,0.8016336000291631,,0.07709288751103649,2.4821667999494816,Extero,11.764176822759692,sub_0192,31.599624903996787,7.635785340877653,,1.6373738627451058
86.66666666666667,62.74666666666667,1.2050355999963358,,-0.7117132585316452,3.281979399966076,Intero,10.019450126200033,sub_0193,32.48665250142415,-0.05515148382574482,,2.8843228710596223
66.23376623376623,68.79220779220779,1.0706128000747412,,-0.11353026018977441,2.5308500999817625,Extero,17.354049510056196,sub_0193,32.48665250142415,-5.994018952408776,,0.9048371234861774
46.03174603174603,10.333333333333334,0.9877150000002076,,0.4118701509259424,4.7315337,Intero,18.322998006829128,sub_0194,32.50728075901667,31.07718382233529,,0.5252391985402786
59.49367088607595,29.582278481012658,0.8562498000001142,,0.33870522824679167,3.5995969000000514,Extero,18.067701828469264,sub_0194,32.50728075901667,8.970098892194871,,1.0058320106522451
60.9375,52.125,1.1783689000003505,,0.05606052742743714,3.2818935500108637,Intero,18.27662263009188,sub_0196,30.00846157471339,-4.971511315992989,,0.5105237044334083
87.5,83.97222222222223,0.9910206000204198,,0.06765772038529572,1.9828609499672896,Extero,11.610208628929536,sub_0196,30.00846157471339,-7.947191451692617,,2.3059652569241087
66.15384615384615,56.07692307692308,1.1902043999871241,,-0.297566102818255,3.0156832999782632,Intero,18.469445926925463,sub_0197,30.626419933636985,-9.190446932302066,,1.339710926566892
83.75,68.4,0.9794012000202201,,-0.42781198397638737,2.390865700028371,Extero,10.987432036084456,sub_0197,30.626419933636985,2.3756252728770786,,2.2738289747708222
66.17647058823529,67.23529411764706,1.139724250009749,,-0.5360535752362572,2.6830072499578823,Intero,16.943008270989395,sub_0198,31.23143672545751,-7.698217421444049,,1.4321318900579247
66.17647058823529,52.76470588235294,0.9894361000042409,,-0.2871602770642377,2.3999479500344023,Extero,18.5615756583137,sub_0198,31.23143672545751,1.372292775610041,,0.8174953196294416
49.29577464788733,50.732394366197184,1.0555912998970598,,-0.5206064199549869,3.3828744000056763,Intero,13.954374417853973,sub_0199,29.625717067718504,-24.56278980581991,,0.8936302922934284
91.30434782608695,85.78260869565217,0.8427942000562325,,-0.0079628416925136,1.8486030999338248,Extero,11.034806230693988,sub_0199,29.625717067718504,-1.4936509612910682,,2.719330163246349
54.09836065573771,32.9344262295082,0.7502473000204191,,-0.46209518747444195,2.531172199989669,Intero,18.102815921411718,sub_0200,28.6781831185023,-20.501412409888307,,1.0106527572545183
91.42857142857143,67.98571428571428,0.6465402999892831,,-0.356839835253959,1.7569864499964751,Extero,11.908524683904586,sub_0200,28.6781831185023,3.3709653845309,,2.9835129064949
59.09090909090909,38.75757575757576,1.396958099969197,,0.35346571978199726,2.748978299990995,Intero,12.266267251567808,sub_0202,29.67986046075821,18.337230555143627,,0.9763110275818339
83.56164383561644,53.794520547945204,0.8971344999736175,,0.3325348906977332,2.0330711000133306,Extero,12.113241150220006,sub_0202,29.67986046075821,8.533672185927216,,2.227137404440884
53.84615384615385,24.015384615384615,1.1538258000509811,,-0.39991596787823025,3.8663827000418682,Intero,16.793879690746394,sub_0203,32.703663039207456,-17.331659822007232,,0.8834105313893681
72.5,31.6,1.3124922499409877,,0.22820962986170926,2.6911555500118993,Extero,18.05126594093057,sub_0203,32.703663039207456,-3.899686992886629,,1.3178738583143335
52.54237288135594,30.610169491525422,1.2288814999628812,,0.4208106167864571,2.7162738000042737,Intero,17.719937325339988,sub_0204,33.5841877857844,13.808057334573144,,0.8416212335729142
78.33333333333333,70.95,0.9413104500272311,,0.14646590795280967,1.6405484499409795,Extero,14.19733318164626,sub_0204,33.5841877857844,1.1301621598893268,,1.6419113162977828
61.016949152542374,2.016949152542373,0.8249224000610411,,-0.21510718119082362,2.6470137001015246,Intero,17.281326780835812,sub_0205,32.36415142218272,-15.897674381169045,,0.9187651380105162
87.5,61.40277777777778,0.893286450067535,,-0.15755075166636745,2.006666549947113,Extero,14.017444464749484,sub_0205,32.36415142218272,8.180057560519721,,2.3552539689051377
62.06896551724138,60.43103448275862,0.5933876000344753,,-0.5621204404672149,3.9635983500629663,Intero,18.24774455374461,sub_0206,29.424297030766805,-3.1648590990408034,,1.438862250154771
85.33333333333334,83.09333333333333,0.5163336999248713,,-0.19584778241301898,2.4315346998628242,Extero,12.014785963403135,sub_0206,29.424297030766805,-10.959490702043023,,2.2086113019008082
56.666666666666664,44.53333333333333,1.193866900051944,,-0.2722355834444987,3.0242465500487015,Intero,17.612929615057627,sub_0207,30.703258442878724,-19.709334532405236,,0.804508333503166
89.74358974358975,62.6025641025641,1.0290289000840858,,0.14558012713967816,1.8989492000546306,Extero,11.753108841442295,sub_0207,30.703258442878724,-5.120443477260786,,2.5609934902663385
61.42857142857143,41.65714285714286,1.887171050009783,,-0.36089674235072994,2.55705874999694,Intero,11.632167089498653,sub_0208,32.59117895762126,-16.472639420512685,,1.2130496475019423
89.47368421052632,56.8421052631579,1.3594353999942541,,0.4610441971158645,2.223734399987734,Extero,12.98543515312931,sub_0208,32.59117895762126,-4.647730512165424,,2.856931526435131
72.72727272727273,57.63636363636363,1.5194262500008335,,-0.1311537252065158,4.232273899993743,Intero,16.99872319555719,sub_0209,35.14499628146489,-1.2069988641743343,,1.2671118971597426
83.75,61.575,1.074242900009267,,0.41205383527101364,3.2492031499859877,Extero,14.997017605272793,sub_0209,35.14499628146489,-3.9057010539503123,,2.275304130931151
55.55555555555556,53.12698412698413,1.0268568000756204,,-0.6191601871958916,2.797931500012055,Intero,12.15767217609806,sub_0210,31.64662122329076,-22.53863065933695,,1.3247827566974175
74.64788732394366,60.67605633802817,0.9808102999813856,,0.29496596976778994,2.081168199889362,Extero,16.643722154013258,sub_0210,31.64662122329076,8.68411535276141,,1.603675184651447
54.23728813559322,37.83050847457627,1.5108156001660973,,-0.5874633207200177,4.816029000096024,Intero,18.201399568301056,sub_0211,37.79183837175369,-8.718713198863185,,1.1257721193119803
83.54430379746836,57.392405063291136,1.4373422998469323,,0.43632466737389275,3.2807440001051877,Extero,13.539499384905955,sub_0211,37.79183837175369,0.2442014736846173,,2.256803607975812
87.09677419354838,55.70967741935484,0.7200861498713493,,0.05963045443883863,2.0906803000252694,Intero,12.537887977439047,sub_0212,28.04739478826523,-3.9935319911704803,,2.2544019566339597
85.5072463768116,54.666666666666664,0.6893700999207795,,-0.26675859966919835,2.031068400014192,Extero,14.531362866250895,sub_0212,28.04739478826523,-4.3178397225293565,,2.318636545207298
78.78787878787878,72.65151515151516,1.0744061500299722,,0.04444621965737222,2.9070716500282288,Intero,16.674828938910093,sub_0213,28.856304327646892,-8.105249040797727,,1.594350027831084
92.20779220779221,74.76623376623377,0.8393661000300199,,0.19021422279056455,2.2811119998805225,Extero,11.372726377842126,sub_0213,28.856304327646892,-0.113781923750521,,2.884667486111568
42.42424242424242,56.40909090909091,0.9694660999812186,,-0.6144971978765014,3.7238595000235364,Intero,14.811008744029133,sub_0216,30.77470035155614,-35.96880994321951,,0.7058487364503994
82.05128205128204,62.76923076923077,0.7830299501074478,,-0.017577191703122996,2.1906449500238527,Extero,15.775812461032885,sub_0216,30.77470035155614,7.051195586577867,,1.834024198740714
54.43037974683544,56.29113924050633,0.711972099961713,,-0.3869113090658393,3.4823159999214117,Intero,17.484649622759527,sub_0217,29.18270362218221,-24.035783286119837,,0.90941984901415
87.32394366197182,57.42253521126761,0.7003416998777539,,-0.27490411365746664,2.3154140999540687,Extero,11.228326329493266,sub_0217,29.18270362218221,-7.5672167478465875,,2.4523636647731166
84.28571428571429,90.55714285714286,0.9597883500391617,,-0.6467439851942902,2.865280650090426,Intero,13.873850205350852,sub_0218,29.07797708113988,-7.156985914876191,,2.744684430777704
94.02985074626866,93.22388059701493,0.8672243000473827,,-0.1270695520517019,1.7490656999871137,Extero,11.498395110815187,sub_0218,29.07797708113988,-5.187768533972911,,3.2091896881410866
50.0,47.27272727272727,1.3138088000414427,,-0.35683291784958965,3.9914060999872163,Intero,14.872742134872356,sub_0219,32.891174272696176,-26.445680834366694,,0.6353136646929841
72.97297297297297,55.351351351351354,0.9986354500288142,,-0.0542704641316093,3.0819068499840796,Extero,17.201596032464646,sub_0219,32.891174272696176,-4.088396240966741,,1.2404385721289448
53.96825396825397,38.12698412698413,1.1186960999621078,,-0.4628161341426236,4.315641199995299,Intero,10.684114242779133,sub_0220,32.29424261649449,-25.52323203922073,,1.009210863918155
83.82352941176471,61.6764705882353,0.7980521000281442,,0.49190290067947146,2.1662468499853276,Extero,13.564455428413048,sub_0220,32.29424261649449,4.872478028751297,,2.479522990885547
50.0,23.05263157894737,0.92203210000298,,0.32977262102800226,4.415818399982527,Intero,18.7623461054665,sub_0221,30.582065788904824,1.4575421499358243,,0.28603299992853026
91.54929577464789,59.53521126760563,0.7847279999987222,,0.5668992306376275,2.5329788000090048,Extero,9.714156567296984,sub_0221,30.582065788904824,0.8551686910778779,,3.173950926847658
73.33333333333333,97.0,0.541138399974443,,-0.3090798247283519,1.7823591000051238,Intero,17.752524630337355,sub_0222,26.460490536689758,-8.640746487569567,,1.6825391112953119
91.13924050632912,88.39240506329114,0.5775945999776013,,-0.40270646684425093,1.8664586000377312,Extero,11.445103834181307,sub_0222,26.460490536689758,8.881038747914369,,2.999020057875529
60.9375,52.125,1.1783689000003505,,0.05606052742743714,3.2818935500108637,Intero,18.27662263009188,sub_0223,30.00846157471339,-4.971511315992989,,0.5105237044334083
87.5,83.97222222222223,0.9910206000204198,,0.06765772038529572,1.9828609499672896,Extero,11.610208628929536,sub_0223,30.00846157471339,-7.947191451692617,,2.3059652569241087
58.06451612903226,56.17741935483871,0.8378922500414774,,0.6466758880124378,2.6237213000422344,Intero,16.963411865278403,sub_0224,29.777163259188335,13.150983149469695,,1.4726364781764005
93.05555555555556,65.95833333333333,0.7228710500057787,,0.4463757213111338,1.9067120000254363,Extero,9.898757943511796,sub_0224,29.777163259188335,1.9402504612076816,,3.307579543066672
51.61290322580645,83.88709677419355,0.7877608500421047,,-0.5060988713986088,2.5805334500037134,Intero,10.999267547339935,sub_0225,29.076031164328256,-20.06940286924088,,0.9226453894061847
92.64705882352942,83.0,0.7056725999573246,,-0.3666338256252667,1.6562973000109196,Extero,11.02915534424284,sub_0225,29.076031164328256,4.986726610436883,,3.071165340313497
60.0,25.233333333333334,0.8263060000026599,,0.384110120656217,4.3730882499367,Intero,18.597323685358106,sub_0226,30.198290451367697,6.415619714098227,,1.166622890890968
95.45454545454545,93.15151515151516,0.5936185999307781,,-0.1346883846089173,1.8079082000767812,Extero,9.720895401839122,sub_0226,30.198290451367697,3.199754028404474,,3.4278158077849836
81.81818181818183,96.96363636363637,0.7561214999295771,,0.6742378565015252,1.7322141998447478,Intero,14.172677780434752,sub_0227,27.50513945023219,9.053289641232972,,2.527387308702607
70.66666666666667,84.30666666666667,0.8454305999912322,,0.14113459890973243,2.2802429001312703,Extero,16.66703103387708,sub_0227,27.50513945023219,11.374169601890307,,1.2134479917071395
70.96774193548387,57.32258064516129,0.7270722498651594,,0.5152441596842788,2.0656530000269413,Intero,16.942069749665258,sub_0228,26.330374451478324,-5.218839911482382,,1.5878551142029964
56.00000000000001,47.38666666666666,0.7591729999985546,,0.12503717686758492,1.9649230998475105,Extero,17.992016761732707,sub_0228,26.330374451478324,-6.3367736015273275,,0.31435794038984644
56.52173913043478,49.391304347826086,0.9731819001026452,,-0.5443359489050345,3.2647991999983788,Intero,17.96871194003662,sub_0229,32.69643133878708,-12.440318657836391,,1.2120268629419468
86.3013698630137,53.821917808219176,0.7799829000141472,,0.636520546034169,2.331104099983349,Extero,10.802501758716293,sub_0229,32.69643133878708,0.4377043351120303,,2.8667625697217654
76.47058823529412,51.90196078431372,0.9923380999825896,,-0.5496449425644383,1.9495109000708908,Intero,15.618019681781984,sub_0230,29.404093778133394,-11.055413741709943,,2.190417368774068
65.78947368421053,33.38157894736842,0.7394329998642206,,0.40547038980170336,2.2583273499039933,Extero,18.61713337796303,sub_0230,29.404093778133394,-0.3433472518399007,,1.0783984031855447
55.88235294117647,48.10294117647059,1.3877992500783876,,0.5359684838214478,3.1638727999525145,Intero,11.914005899637127,sub_0231,34.34371260404587,19.31969308296717,,1.2287617931091201
94.52054794520548,65.57534246575342,1.1599910999648273,,-0.047573863107441494,2.432577400002629,Extero,10.19025051976278,sub_0231,34.34371260404587,6.779979109197928,,3.194559527688061
83.33333333333334,50.666666666666664,0.8351880999980494,,0.39381596126116913,3.114484200021252,Intero,14.696000241338382,sub_0232,29.142698180675506,-4.799661779359306,,2.179447796280255
93.15068493150685,70.82191780821918,0.6610506998840721,,0.48071850168007857,1.8491504001431167,Extero,9.278017049672687,sub_0232,29.142698180675506,0.8540436851698108,,3.3209592385838795
66.17647058823529,20.102941176470587,1.5184539500623941,,0.017501001740485134,3.5986487998161465,Intero,18.348597436536515,sub_0233,30.00911480585734,-4.715451642936513,,0.8264525951099448
86.95652173913044,58.43478260869565,0.8326049000024796,,0.45500635600711803,1.832294800085947,Extero,14.069340797799141,sub_0233,30.00911480585734,-1.6880462688900946,,2.6622984105079177
59.72222222222222,66.18055555555556,0.9976893500424922,,0.45422893426869254,2.7821398999076346,Intero,18.659753464369494,sub_0234,28.052657278378806,6.294398408108899,,0.9084578685373851
92.85714285714286,89.41428571428571,0.6760324500501156,,-0.26153530287618665,1.8172822501510382,Extero,12.219226172612908,sub_0234,28.052657278378806,2.6241646476373006,,3.114220579947748
62.295081967213115,63.557377049180324,1.5985959998797623,,-0.19736446771242602,4.999614999862388,Intero,18.094759635113267,sub_0235,38.981654369831084,-17.29142741931704,,0.9542505649673114
61.25000000000001,71.2375,1.4844824499450624,,0.30892000572810896,3.0326900499640033,Extero,18.283906431348413,sub_0235,38.981654369831084,-1.1196981285851508,,0.8778771780703865
58.2089552238806,65.92537313432835,0.6603639000095427,,-0.2500368246291896,3.047446999931708,Intero,15.806786428594926,sub_0236,28.26822344462077,-22.260229107111254,,0.8489058511337843
92.95774647887323,69.35211267605634,0.6279154000803828,,0.11279544735368119,1.8983219999354333,Extero,11.923551586678837,sub_0236,28.26822344462077,-2.039521698157883,,2.960846741338739
81.81818181818183,61.59090909090909,1.6165474000154065,,-0.7354426548842623,2.6241723500424996,Intero,15.74344842673686,sub_0237,32.70782108306885,-7.2521036062078625,,2.602782953634251
87.01298701298701,55.94805194805195,1.4946409000549463,,0.35153833501836684,2.68584750010632,Extero,8.246704342473492,sub_0237,32.70782108306885,-2.854282705617582,,2.455362368530415
80.95238095238095,88.11111111111111,0.683518199948594,,0.08416940198326123,1.6319343999493867,Intero,11.94331079231248,sub_0238,24.739207180341086,12.707969797691307,,1.7665043282368798
94.02985074626866,91.85074626865672,0.560814700089395,,0.022549487465514106,1.4154549001250416,Extero,10.236860332666902,sub_0238,24.739207180341086,7.4168942116067775,,3.113340063636121
67.79661016949152,45.71186440677966,1.4957323998678476,,-0.07961228503074974,3.6802209001034503,Intero,18.104855295417067,sub_0239,34.77150395711263,-7.976161458961537,,0.9726730738042267
89.87341772151899,74.81012658227849,1.570255200145766,,-0.13786374594841977,2.2640513998921956,Extero,11.936461287715375,sub_0239,34.77150395711263,5.394957809155513,,2.5764262526488553
55.55555555555556,65.77777777777777,0.9530034498311579,,-0.4468151461467142,2.141029600054025,Intero,13.752803903279204,sub_0240,27.68986681699753,-22.55517230572373,,1.0412128399099738
66.23376623376623,44.16883116883117,0.8584628000389785,,0.037377733469491026,2.26597489998676,Extero,18.29868758845264,sub_0240,27.68986681699753,-4.289938159591337,,0.82953935459609
65.67164179104478,53.059701492537314,0.7539867998566478,,-0.4958500181890487,3.433203799882904,Intero,14.893955840439224,sub_0241,28.7262921333313,-14.82309929431283,,1.5714030947111033
89.1891891891892,67.58108108108108,0.6349164500134066,,0.5363114572348233,1.7745066499337554,Extero,7.992426714986934,sub_0241,28.7262921333313,5.3400420398844615,,3.0348749067939993
53.73134328358209,33.67164179104478,1.1377074001356962,,-0.40059036250363406,2.2483382001519203,Intero,13.683637659815242,sub_0243,29.38603841861089,-17.935027902887896,,0.8820617421385605
93.05555555555556,43.44444444444444,1.0260080500738695,,0.27651065070186065,1.9570775000611325,Extero,10.739751600709797,sub_0243,29.38603841861089,4.743426627992932,,3.144171275599097
73.84615384615385,33.723076923076924,0.94021589984186,,-0.2703478465199368,2.7813947999384254,Intero,17.332335128661033,sub_0244,30.609131979942322,-0.4939736651802234,,1.4482200733796324
95.38461538461539,74.76923076923077,0.8394333000760525,,0.39474794052067863,1.7486517000943422,Extero,12.83292894928013,sub_0244,30.609131979942322,-0.3607076864337048,,3.4929003609026794
54.23728813559322,53.28813559322034,0.8273581999819726,,-0.5637799390478079,2.499671600060537,Intero,18.552450510951964,sub_0245,28.82434948682785,-20.98978208502254,,1.1731388826564
83.54430379746836,56.34177215189873,0.7888968999031931,,0.025935124466721027,2.1329164998605847,Extero,15.147182580084234,sub_0245,28.82434948682785,4.62930890119487,,1.9544256863916254
82.85714285714286,51.042857142857144,1.1773744999663904,,-0.3201809432616229,3.264477299991995,Intero,14.484861405856009,sub_0246,36.59712708791097,-6.570960623862286,,2.16978123409602
63.1578947368421,28.144736842105264,0.9476408499758691,,0.2585895327929555,3.2062505501089618,Extero,18.487621612080773,sub_0246,36.59712708791097,-0.6285712916350097,,0.8318004348062524
73.23943661971832,40.436619718309856,1.311742400052026,,-0.6120654814118912,2.5326167999301106,Intero,14.327309099724395,sub_0247,29.90772430896759,-11.748423790526948,,2.015581554452757
90.41095890410958,60.6986301369863,0.8797211998607963,,-0.1352913132034872,2.1157392000313853,Extero,10.149550664646807,sub_0247,29.90772430896759,-2.4930859463659383,,2.6084803154699383
85.71428571428571,78.5079365079365,0.6152731000911444,,-0.6132909183843636,2.2991043999791145,Intero,13.733111991453875,sub_0250,25.821189637978872,-0.4538026242884956,,2.7742653014432332
87.5,83.65277777777777,0.6223845499334857,,-0.1239496039035971,1.623766449978575,Extero,11.260406042522506,sub_0250,25.821189637978872,-3.735788232752234,,2.3524076589196516
82.75862068965517,94.41379310344827,0.6993455999763682,,0.23395577729459016,1.7822619000216946,Intero,16.904911654415613,sub_0251,28.53378714720408,-2.8088233945306356,,1.9733691431055198
86.07594936708861,95.20253164556962,0.5952238999307156,,0.2139176095931743,1.9328781999647613,Extero,14.58620781299057,sub_0251,28.53378714720408,-3.7583414682593252,,2.2755692606749736
85.91549295774648,70.90140845070422,0.7734020000789315,,0.636357549554557,2.7829549999441947,Intero,13.200008814200995,sub_0252,27.241316203276316,11.486470314015865,,2.834782722154532
91.17647058823529,84.54411764705883,0.6985804000287317,,0.37307796074312205,1.699908099952154,Extero,12.499390851595356,sub_0252,27.241316203276316,0.3468725444448264,,2.951036655516574
71.875,56.953125,0.9654279500246048,,0.7247906178494354,2.3988649001112208,Intero,17.174741389028828,sub_0253,31.357775223255157,0.7011250061478492,,1.9316620234709245
90.27777777777779,76.98611111111111,0.7436535999877378,,-0.14487239330909685,1.6324524000519887,Extero,9.976052180686963,sub_0253,31.357775223255157,-3.6541773932046335,,2.6773349321844
80.7017543859649,54.228070175438596,0.928864800138399,,0.07651549182555056,1.682657799916342,Intero,17.14525331401548,sub_0254,30.798865449428558,3.125020701289975,,1.7363081991378504
85.8974358974359,56.01282051282051,0.786043599830009,,0.2586020506354522,1.6649954000022262,Extero,11.394648588700845,sub_0254,30.798865449428558,1.1548084624178467,,2.3750030845654457
52.459016393442624,56.377049180327866,1.0921245000790805,,0.0208946489082269,3.6478279000148177,Intero,17.73562424022861,sub_0255,32.001960917313895,-18.3062032972086,,0.0417892978164538
87.6923076923077,69.8923076923077,0.8839041998144239,,0.050840983892395,1.929853399982676,Extero,13.448716435136511,sub_0255,32.001960917313895,7.3609832334170076,,2.33959872990991
49.275362318840585,69.34782608695652,0.8748723999597132,,-0.6234539978328235,3.7156048999167983,Intero,12.573380150729573,sub_0256,31.44915799299876,-20.566652094169573,,1.0537907650863687
60.75949367088608,50.379746835443036,0.8318376999814063,,0.36154542562389425,2.8301365000661463,Extero,17.949944709336446,sub_0256,31.44915799299876,10.136419695769481,,1.0938248858269817
