Subject,Modality,Threshold,Slope,BayesianThreshold,BayesianSlope,r_hat_alpha,r_hat_beta
sub_0019,Intero,6.575888194065048,8.11915181459257,7.161,9.622,1.0,1.0
sub_0019,Extero,1.6902947849825714,7.368705151371689,1.813,7.465,1.0,1.0
sub_0022,Intero,-29.63187675764548,10.531887854770382,-30.526,8.612,1.0,1.0
sub_0022,Extero,,,-2.218,2.81,1.0,1.0
sub_0023,Intero,-12.944477638582935,9.548980700947324,-10.398,10.341,1.0,1.0
sub_0023,Extero,5.103926382451795,8.101404956793356,4.258,7.175,1.0,1.0
sub_0024,Intero,4.813948675369835,21.98334078668384,0.65,28.089,1.0,1.0
sub_0024,Extero,2.7640467896176872,6.6050653907394254,1.727,8.003,1.0,1.0
sub_0025,Intero,-24.21137151709096,11.690810683354854,-24.329,12.312,1.0,1.0
sub_0025,Extero,-6.479038988234702,11.400357351889939,-7.245,11.161,1.0,1.0
sub_0026,Intero,-3.9701476403464095,15.624781095825947,1.181,8.126,1.0,1.0
sub_0026,Extero,-2.4948754873959365,5.764769576327058,-2.367,5.578,1.0,1.0
sub_0027,Intero,,,-1.642,14.541,1.0,1.0
sub_0027,Extero,0.6196505421762822,4.345056972248056,0.55,4.19,1.0,1.0
sub_0028,Intero,-9.32734909958182,14.441185795126188,-7.934,10.867,1.0,1.0
sub_0028,Extero,-3.55874875199077,10.98713115973808,-3.126,10.179,1.0,1.0
sub_0031,Intero,-17.786959248707188,11.255731161759119,-17.694,12.537,1.0,1.0
sub_0031,Extero,-0.9861637770457172,9.34841744685306,-1.766,7.784,1.0,1.0
sub_0032,Intero,2.2952069612099715,14.214041886331156,-2.663,11.437,1.0,1.0
sub_0032,Extero,-2.8569670981025164,8.732263311411122,-2.439,8.409,1.0,1.0
sub_0034,Intero,,,-17.131,20.257,1.0,1.0
sub_0034,Extero,-4.9055648931461375,9.2243570123525,-4.626,8.911,1.0,1.0
sub_0035,Intero,-14.357731878674608,11.736970764232554,-14.575,9.965,1.0,1.0
sub_0035,Extero,-8.180129386398269,14.283620661737325,-7.172,13.067,1.0,1.0
sub_0037,Intero,-11.443949123969464,13.825835864065885,-10.886,10.685,1.0,1.0
sub_0037,Extero,-2.468251889404586,10.685914520390645,-4.016,7.925,1.0,1.0
sub_0038,Intero,,,-25.919,12.012,1.0,1.0
sub_0038,Extero,,,-1.284,14.981,1.0,1.0
sub_0039,Intero,,,-4.669,15.279,1.0,1.0
sub_0039,Extero,1.6977377559528446,7.4611106293287675,0.034,10.662,1.0,1.0
sub_0042,Intero,-15.358849715639545,10.38504228045394,-14.1,9.204,1.0,1.0
sub_0042,Extero,-2.7268082403106435,9.80597371981373,-3.774,10.813,1.0,1.0
sub_0044,Intero,-9.662638755841575,16.62867498134763,-9.961,16.118,1.0,1.0
sub_0044,Extero,0.4365712893977445,8.004567988513214,0.351,7.667,1.0,1.0
sub_0045,Intero,6.52480109431717,7.794878537482058,7.379,8.574,1.0,1.0
sub_0045,Extero,2.5658348727067875,3.7627663663083433,2.56,3.743,1.0,1.0
sub_0046,Intero,,,-7.761,9.469,1.0,1.0
sub_0046,Extero,-6.975048711942887,18.864017194319786,-6.145,21.537,1.0,1.0
sub_0047,Intero,-26.48885453016836,22.604860868045954,-32.621,32.417,1.0,1.0
sub_0047,Extero,-4.788151716732332,7.009289403143088,-3.984,7.791,1.0,1.0
sub_0049,Intero,-23.17734338976038,6.5211335446403575,-22.471,7.639,1.0,1.0
sub_0049,Extero,-0.06888637529586875,13.14616055062343,-0.226,12.16,1.0,1.0
sub_0050,Intero,,,-34.523,7.968,1.0,1.0
sub_0050,Extero,6.104644438442099,18.480551426791376,5.465,18.185,1.0,1.0
sub_0052,Intero,6.150932976708168,5.483796885362077,5.874,4.081,1.0,1.0
sub_0052,Extero,-2.0585590183365983,5.721699329691316,-2.439,4.718,1.0,1.0
sub_0056,Intero,-18.116696498116507,8.883209297964086,-18.352,9.242,1.0,1.0
sub_0056,Extero,-1.4442166413197322,8.554572303071486,-0.55,9.158,1.0,1.0
sub_0057,Intero,-7.9474238403813375,10.173566747106992,-6.043,8.056,1.0,1.0
sub_0057,Extero,,,-1.867,7.027,1.0,1.0
sub_0058,Intero,-19.32101198883431,12.906381263874742,-20.875,18.97,1.0,1.0
sub_0058,Extero,-1.9606343304781748,5.0468213847171866,-1.927,4.883,1.0,1.0
sub_0059,Intero,-2.7440750085344905,7.739687504224044,-2.397,6.086,1.0,1.0
sub_0059,Extero,1.3709178331542962,2.9835734729408854,1.191,3.204,1.0,1.0
sub_0060,Intero,-10.44378420881128,12.645063655990047,-13.122,9.257,1.0,1.0
sub_0060,Extero,2.4312010283103342,4.470861365366684,2.377,4.375,1.0,1.0
sub_0061,Intero,,,-12.007,8.078,1.0,1.0
sub_0061,Extero,-1.1733684818774837,11.48679978373424,-1.039,9.813,1.0,1.0
sub_0063,Intero,,,-11.343,15.626,1.0,1.0
sub_0063,Extero,1.8579529450484016,6.728707612541489,1.808,6.453,1.0,1.0
sub_0064,Intero,,,-2.156,4.11,1.0,1.0
sub_0064,Extero,1.4592748239247209,6.486619946809611,1.185,6.195,1.0,1.0
sub_0065,Intero,-16.96306694654517,11.278837381069767,-18.728,10.814,1.0,1.0
sub_0065,Extero,-1.9244117411215949,11.47649098447336,-2.604,10.992,1.0,1.0
sub_0066,Intero,-22.655016741686826,12.600654124830205,-22.878,9.322,1.0,1.0
sub_0066,Extero,-0.19896343279447626,6.369096853026319,-0.151,6.116,1.0,1.0
sub_0067,Intero,,,-4.459,22.819,1.0,1.0
sub_0067,Extero,,,-2.266,9.16,1.0,1.0
sub_0068,Intero,2.9979299630113028,9.787781953761675,1.544,10.655,1.0,1.0
sub_0068,Extero,,,2.883,5.805,1.0,1.0
sub_0070,Intero,3.619562878889733,7.902450706197947,3.022,7.891,1.0,1.0
sub_0070,Extero,,,4.421,8.492,1.0,1.0
sub_0071,Intero,-4.895668721783716,9.150076573442325,-4.488,9.936,1.0,1.0
sub_0071,Extero,,,-0.323,6.218,1.0,1.0
sub_0072,Intero,-21.195270409023454,10.230654144912258,-21.148,9.156,1.0,1.0
sub_0072,Extero,,,-3.212,8.328,1.0,1.0
sub_0073,Intero,,,-10.128,4.605,1.0,1.0
sub_0073,Extero,-2.375849168001886,5.902489472983,-2.546,5.653,1.0,1.0
sub_0074,Intero,-9.44501992957014,20.146926359906907,-15.05,27.908,1.0,1.0
sub_0074,Extero,0.6476910241750646,6.048271818692157,-0.162,7.255,1.0,1.0
sub_0076,Intero,,,-13.469,12.145,1.0,1.0
sub_0076,Extero,0.6890991090500637,9.008492340033378,1.357,9.333,1.0,1.0
sub_0078,Intero,13.737117920317587,6.643948765887469,14.605,5.9,1.0,1.0
sub_0078,Extero,3.2421736460773367,7.935033724936551,2.033,8.932,1.0,1.0
sub_0079,Intero,-24.22651080949932,9.005259638155174,-20.933,9.859,1.0,1.0
sub_0079,Extero,-3.0683299974027687,12.37326577322855,-3.606,10.265,1.0,1.0
sub_0080,Intero,-4.733619917674316,8.007795261688969,-5.926,8.368,1.0,1.0
sub_0080,Extero,2.736765627950517,6.880568483526107,3.28,5.906,1.0,1.0
sub_0081,Intero,-20.58477929716093,9.801697495304033,-20.978,9.829,1.0,1.0
sub_0081,Extero,-15.707955229368613,23.23946666478443,-11.323,29.181,1.0,1.0
sub_0082,Intero,15.456212387072823,13.418642235136677,13.596,10.855,1.0,1.0
sub_0082,Extero,5.8812918865427015,5.472780396213837,6.315,5.976,1.0,1.0
sub_0083,Intero,-16.20799122374769,9.785093584747447,-17.935,10.866,1.0,1.0
sub_0083,Extero,7.523062110763309,17.903835583334715,7.517,17.703,1.0,1.0
sub_0084,Intero,-15.859529302823725,7.552510810032272,-14.304,3.747,1.0,1.0
sub_0084,Extero,-1.2644268954409121,3.2165803871594005,-1.358,3.223,1.0,1.0
sub_0085,Intero,-13.23938830251784,6.043837286018277,-12.592,6.247,1.0,1.0
sub_0085,Extero,-2.7181420685488766,12.514404939249735,0.182,16.813,1.0,1.0
sub_0086,Intero,-13.12324642866384,11.644562453990153,-10.714,9.526,1.0,1.0
sub_0086,Extero,-0.22773739479326605,6.611976279774995,-0.268,6.402,1.0,1.0
sub_0087,Intero,-6.0405730898898495,9.353764832570489,-4.436,9.154,1.0,1.0
sub_0087,Extero,6.185484508907182,8.445873889955104,6.709,13.873,1.0,1.0
sub_0090,Intero,-5.730906351427803,11.917855978061473,-1.79,10.591,1.0,1.0
sub_0090,Extero,0.6047047340203845,5.2942963655480035,0.521,4.757,1.0,1.0
sub_0092,Intero,11.367445042906224,12.168329589184337,12.283,12.229,1.0,1.0
sub_0092,Extero,-1.521213802227123,4.5027155312702645,-1.942,4.465,1.0,1.0
sub_0093,Intero,,,-16.19,18.447,1.0,1.0
sub_0093,Extero,-2.068446890880232,6.283927163742253,-3.177,8.226,1.0,1.0
sub_0094,Intero,,,-28.707,25.909,1.0,1.0
sub_0094,Extero,-10.016060979082573,11.050324471918831,-10.798,13.223,1.0,1.0
sub_0095,Intero,,,2.827,5.201,1.0,1.0
sub_0095,Extero,3.9646283885410094,6.931355265560738,4.286,7.233,1.0,1.0
sub_0096,Intero,-29.073334150988273,11.948855116596675,-28.693,8.258,1.0,1.0
sub_0096,Extero,-0.5783977158254492,8.07595633114347,0.236,8.706,1.0,1.0
sub_0097,Intero,-9.025714109592847,13.999190617382169,-6.062,14.992,1.0,1.0
sub_0097,Extero,,,1.324,7.593,1.0,1.0
sub_0098,Intero,-24.040917211282054,9.676431140989449,-26.32,11.335,1.0,1.0
sub_0098,Extero,0.5995759762797372,4.124144188346327,0.569,4.079,1.0,1.0
sub_0099,Intero,-30.898096560971545,10.543338335379254,-35.421,19.383,1.0,1.0
sub_0099,Extero,1.0724590546130033,9.483205929094408,-1.149,8.406,1.0,1.0
sub_0100,Intero,-3.5907623031618905,10.438181248440387,-4.207,9.975,1.0,1.0
sub_0100,Extero,0.4739973089185553,3.4699796289693765,0.375,3.515,1.0,1.0
sub_0101,Intero,,,7.11,15.262,1.0,1.0
sub_0101,Extero,4.8155726618954295,8.123439727751286,4.566,7.727,1.0,1.0
sub_0102,Intero,-3.9400044632747186,6.9546341476304185,-4.892,7.844,1.0,1.0
sub_0102,Extero,-3.900026622922765,5.522058650953465,-3.758,5.488,1.0,1.0
sub_0103,Intero,,,-32.337,17.886,1.0,1.0
sub_0103,Extero,-8.313834027876453,9.377389545898744,-8.546,12.085,1.0,1.0
sub_0104,Intero,,,-4.329,8.532,1.0,1.0
sub_0104,Extero,5.459954574012481,7.571283434492465,5.077,7.223,1.0,1.0
sub_0106,Intero,-6.4421946468990585,12.41986716889204,-6.682,22.948,1.01,1.0
sub_0106,Extero,1.1114923826865069,5.806586939950862,1.129,5.681,1.0,1.0
sub_0107,Intero,-5.108148686319924,7.489471508162723,-3.664,6.59,1.0,1.0
sub_0107,Extero,0.28694394435019843,12.201449127951633,-0.924,12.305,1.0,1.0
sub_0108,Intero,-3.2286866832571364,9.815865850950637,-1.965,9.067,1.0,1.0
sub_0108,Extero,-0.3511376040013722,2.6801421461569324,-0.396,2.844,1.0,1.0
sub_0109,Intero,-5.516197299173454,6.306695649035845,-6.732,5.796,1.0,1.0
sub_0109,Extero,-1.5365273551409793,7.641234752392392,-1.405,7.411,1.0,1.0
sub_0112,Intero,-28.4629131433682,14.236193705536008,-29.405,13.183,1.0,1.0
sub_0112,Extero,0.01979609905571611,10.701500671579064,1.449,14.126,1.0,1.0
sub_0113,Intero,,,7.915,8.848,1.0,1.0
sub_0113,Extero,,,5.073,11.424,1.0,1.0
sub_0114,Intero,-5.6419115513458875,12.958388601590002,-6.384,8.761,1.0,1.0
sub_0114,Extero,-2.1346609201793765,10.210944725448279,-1.807,9.563,1.0,1.0
sub_0115,Intero,-5.024307058499163,12.770893618369502,-4.285,11.054,1.0,1.0
sub_0115,Extero,-2.600089422386715,7.107401367793791,-2.397,6.806,1.0,1.0
sub_0116,Intero,-4.652014891731134,10.779946860666435,-4.487,11.262,1.0,1.0
sub_0116,Extero,-0.65998152986838,6.3496787218908075,-1.636,6.178,1.0,1.0
sub_0117,Intero,,,4.438,12.059,1.0,1.0
sub_0117,Extero,,,1.736,4.437,1.0,1.0
sub_0118,Intero,-24.693543744394216,13.96992991346514,-22.636,16.14,1.0,1.0
sub_0118,Extero,1.980870635858049,4.2640523135603265,2.477,5.502,1.0,1.0
sub_0119,Intero,-2.6950155770882915,14.11863671491233,-3.511,12.444,1.0,1.0
sub_0119,Extero,,,2.138,7.779,1.0,1.0
sub_0120,Intero,-17.30838457903385,10.056477586997428,-18.844,10.259,1.0,1.0
sub_0120,Extero,1.3121121985308335,7.1036529113060345,1.205,6.689,1.0,1.0
sub_0122,Intero,-5.423265241972394,10.277105925724557,-6.402,10.207,1.0,1.0
sub_0122,Extero,-0.3749081291417512,3.979014546983605,-0.175,4.35,1.0,1.0
sub_0124,Intero,-11.655784624338855,11.568280459285658,-14.123,9.241,1.0,1.0
sub_0124,Extero,3.0707547173847463,7.516930735914067,2.815,7.139,1.0,1.0
sub_0126,Intero,4.843966440502257,17.46359002043762,5.656,16.628,1.0,1.0
sub_0126,Extero,1.8636191600526708,5.887281485623403,1.671,6.019,1.0,1.0
sub_0127,Intero,-6.284123025368693,9.11589475356356,-6.184,9.159,1.0,1.0
sub_0127,Extero,-0.6453309545256352,6.508657755924611,0.035,7.725,1.0,1.0
sub_0128,Intero,-15.366105591172936,11.286548018143158,-14.357,12.266,1.0,1.0
sub_0128,Extero,3.293557693017979,10.256190791894593,4.122,11.298,1.0,1.0
sub_0130,Intero,-14.264661155234547,4.927552048664751,-13.013,3.49,1.0,1.0
sub_0130,Extero,-1.1492264404952506,7.671096940121683,-1.125,7.201,1.0,1.0
sub_0131,Intero,7.361876101018423,12.702935317003716,7.455,12.706,1.0,1.0
sub_0131,Extero,3.5096278261251217,6.48289112484022,4.423,9.914,1.0,1.0
sub_0132,Intero,-9.060012793649413,9.487639216474381,-6.971,9.204,1.0,1.0
sub_0132,Extero,4.62683114014172,16.727447145304943,3.526,15.592,1.0,1.0
sub_0133,Intero,,,17.116,10.759,1.0,1.0
sub_0133,Extero,3.6240655927677374,7.000815637169527,2.454,9.161,1.0,1.0
sub_0134,Intero,3.475372688498629,12.956495868141074,-0.012,14.633,1.0,1.0
sub_0134,Extero,8.40305137513165,13.787684674619058,2.915,14.846,1.0,1.0
sub_0135,Intero,2.745001187874049,18.999713177895075,-1.079,17.17,1.0,1.0
sub_0135,Extero,,,3.174,8.043,1.0,1.0
sub_0136,Intero,-2.603654037611772,18.72722144848157,-3.536,21.925,1.0,1.0
sub_0136,Extero,,,-1.958,6.056,1.0,1.0
sub_0137,Intero,,,-9.755,12.575,1.0,1.0
sub_0137,Extero,-0.31074739658379585,6.741032364954407,-0.198,6.522,1.0,1.0
sub_0138,Intero,1.5378026781781595,15.846875064805785,-3.559,15.081,1.0,1.0
sub_0138,Extero,-5.248348663801487,10.119044007952018,-2.751,18.046,1.0,1.0
sub_0140,Intero,,,-5.615,10.413,1.0,1.0
sub_0140,Extero,5.4548433287246505,13.169957991752035,3.253,14.01,1.0,1.0
sub_0141,Intero,,,-15.545,33.748,1.0,1.0
sub_0141,Extero,9.794135301320964,15.586275159327126,7.958,15.905,1.0,1.0
sub_0142,Intero,-3.1710038558025992,7.5872346273629105,-3.743,10.562,1.0,1.0
sub_0142,Extero,,,0.191,4.901,1.0,1.0
sub_0143,Intero,-14.561661683792336,13.668770613146135,-13.543,13.647,1.0,1.0
sub_0143,Extero,,,3.435,6.519,1.0,1.0
sub_0144,Intero,-2.5641455395618142,11.494478238535766,-3.389,15.51,1.0,1.0
sub_0144,Extero,6.0537993046853265,7.8825149725042705,4.924,7.16,1.0,1.0
sub_0145,Intero,-3.4997581438362015,12.991233688922481,-2.291,11.0,1.0,1.0
sub_0145,Extero,-1.7462503330973262,11.897856331137305,-1.566,10.609,1.0,1.0
sub_0146,Intero,-2.041551842332692,7.500547931480101,-1.164,6.484,1.0,1.0
sub_0146,Extero,,,-1.165,5.858,1.0,1.0
sub_0147,Intero,-5.689692549904565,20.9730767734256,-2.882,23.507,1.0,1.0
sub_0147,Extero,-4.3567799038457915,4.434101238009876,-4.988,5.821,1.0,1.0
sub_0148,Intero,-26.502598746597105,10.843381563202364,-25.794,11.118,1.0,1.0
sub_0148,Extero,-4.314766741898744,14.553394744373865,-3.422,14.019,1.0,1.0
sub_0149,Intero,-9.694918680446598,9.160037668296964,-9.669,16.8,1.0,1.0
sub_0149,Extero,,,-3.956,7.949,1.0,1.0
sub_0150,Intero,-11.341666507517425,10.401172426534748,-11.465,10.238,1.0,1.0
sub_0150,Extero,-1.4992963622311837,8.52846505632749,-1.103,8.414,1.0,1.0
sub_0151,Intero,5.6724023269218256,11.418826993724933,7.382,10.965,1.0,1.0
sub_0151,Extero,-2.5223569213098442,6.198092540706695,-2.187,6.145,1.0,1.0
sub_0153,Intero,-6.186169637637727,13.22194457590428,-4.175,10.5,1.0,1.0
sub_0153,Extero,8.011779181828791,8.732792499994828,7.446,8.094,1.0,1.0
sub_0154,Intero,-21.86862321772869,10.265482783997827,-23.259,7.433,1.0,1.0
sub_0154,Extero,-0.0880719504956406,5.797110059444567,-0.021,5.571,1.0,1.0
sub_0156,Intero,,,-7.386,14.759,1.0,1.0
sub_0156,Extero,,,1.178,7.767,1.0,1.0
sub_0157,Intero,-3.938915381814698,9.23311568391216,-6.633,11.493,1.0,1.0
sub_0157,Extero,,,0.522,6.859,1.0,1.0
sub_0159,Intero,-16.500789316434805,9.636866191738363,-16.55,6.048,1.0,1.0
sub_0159,Extero,-3.777518677298288,6.704520859753374,-3.612,6.408,1.0,1.0
sub_0160,Intero,,,-12.142,11.433,1.0,1.0
sub_0160,Extero,2.298221789946167,9.674851601686422,1.802,8.15,1.0,1.0
sub_0161,Intero,,,-10.326,11.527,1.0,1.0
sub_0161,Extero,,,5.979,7.407,1.0,1.0
sub_0162,Intero,-4.433626218489398,12.969444116558455,-6.325,11.977,1.0,1.0
sub_0162,Extero,1.3417405257150732,8.152588171781874,2.015,18.105,1.0,1.0
sub_0163,Intero,,,-9.188,11.095,1.0,1.0
sub_0163,Extero,0.7436305085137654,11.09007130198047,0.64,10.071,1.0,1.0
sub_0164,Intero,,,-12.172,5.479,1.0,1.0
sub_0164,Extero,0.2741536636776504,6.405245115187317,0.609,7.354,1.0,1.0
sub_0165,Intero,-9.733747607898417,16.641750201071652,-10.201,15.996,1.0,1.0
sub_0165,Extero,,,2.676,9.018,1.0,1.0
sub_0166,Intero,-3.2333280707350665,7.046237371183769,-2.965,6.152,1.0,1.0
sub_0166,Extero,,,3.131,9.444,1.0,1.0
sub_0168,Intero,2.8053159846514446,8.638015641227398,6.843,7.031,1.0,1.0
sub_0168,Extero,5.552970577954391,14.617286550092494,3.772,13.605,1.0,1.0
sub_0169,Intero,,,-5.821,9.231,1.0,1.0
sub_0169,Extero,,,-0.84,5.413,1.0,1.0
sub_0170,Intero,-5.802396690909232,11.256765903639725,-7.603,9.391,1.0,1.0
sub_0170,Extero,-1.776808984634218,3.1071776530198747,-2.295,3.001,1.0,1.0
sub_0171,Intero,-8.713425319272046,11.107349569627486,-8.991,10.638,1.0,1.0
sub_0171,Extero,5.368257406592057,8.443598475237787,5.703,11.925,1.0,1.01
sub_0172,Intero,-27.92340493608478,12.495872059912946,-33.215,5.688,1.0,1.0
sub_0172,Extero,1.3101407414145956,8.96138133636156,1.152,8.292,1.0,1.0
sub_0173,Intero,-15.600035780614792,6.162895915177788,-16.488,7.015,1.0,1.0
sub_0173,Extero,-0.4716402787082365,8.640603784537795,-0.374,8.113,1.0,1.0
sub_0174,Intero,-27.12117446274161,6.90550957980446,-27.245,7.64,1.0,1.0
sub_0174,Extero,3.3554611116373585,7.968842086269996,3.841,8.223,1.0,1.0
sub_0175,Intero,-2.2880096984054505,9.535536318759576,-1.651,14.154,1.0,1.0
sub_0175,Extero,-2.063647451881458,6.90266043432595,-2.91,9.367,1.0,1.0
sub_0176,Intero,-15.359039350315902,12.505633973357662,-13.007,12.826,1.0,1.0
sub_0176,Extero,1.86056089331478,7.0011332175216605,2.306,7.48,1.0,1.0
sub_0177,Intero,-6.121485410080659,9.588310630548117,-6.889,5.815,1.0,1.0
sub_0177,Extero,-0.9157823537080002,9.994594386847396,-0.868,8.702,1.0,1.0
sub_0179,Intero,-25.386611004004067,15.519415169550625,-27.641,22.616,1.0,1.0
sub_0179,Extero,-6.488404675759129,12.281726409163895,-7.326,11.242,1.0,1.0
sub_0180,Intero,-2.747033512966695,5.670396556916318,-5.153,7.804,1.0,1.0
sub_0180,Extero,,,-0.616,5.336,1.0,1.0
sub_0181,Intero,-14.720194683933055,15.543437389425671,-17.922,17.867,1.0,1.0
sub_0181,Extero,-5.413277728536298,12.667646771244565,-4.76,11.676,1.0,1.0
sub_0183,Intero,-20.397989750739008,16.425180018751607,-17.263,17.521,1.0,1.0
sub_0183,Extero,,,-4.337,6.03,1.0,1.0
sub_0184,Intero,11.766684562202322,15.117865983519573,11.382,13.77,1.0,1.0
sub_0184,Extero,3.1455527510214036,15.93002454342728,0.148,18.826,1.0,1.0
sub_0185,Intero,,,-22.869,10.177,1.01,1.0
sub_0185,Extero,-0.4193064876684697,6.1977600596095135,-0.859,13.9,1.0,1.0
sub_0186,Intero,-11.345763365971086,19.986962767137786,-12.517,23.575,1.0,1.0
sub_0186,Extero,6.269336907847779,18.013777489341642,5.891,18.775,1.0,1.0
sub_0187,Intero,-14.179691070091033,15.416406372295508,-16.441,15.572,1.0,1.0
sub_0187,Extero,0.2890791732826512,9.749155882326166,0.195,9.109,1.0,1.0
sub_0188,Intero,-4.214221189107874,6.9483939976285765,-6.094,9.957,1.0,1.0
sub_0188,Extero,1.9560972267738217,12.980942766391106,1.82,11.663,1.0,1.0
sub_0189,Intero,-5.184328981330012,10.047027227833908,-5.622,8.009,1.0,1.0
sub_0189,Extero,-2.844095330320425,9.270123143894462,-2.655,8.472,1.0,1.0
sub_0190,Intero,,,-4.349,14.646,1.0,1.0
sub_0190,Extero,0.9099734613062714,2.8290129188267685,1.476,4.588,1.0,1.0
sub_0191,Intero,2.0307344047373266,17.441288174491156,1.254,16.301,1.0,1.0
sub_0191,Extero,0.543507016393117,9.250052440387917,1.265,9.766,1.0,1.0
sub_0192,Intero,-32.515069215154035,15.303166727481088,-34.623,20.883,1.0,1.0
sub_0192,Extero,0.4440146925233663,6.1808821053183145,0.189,5.996,1.0,1.0
sub_0193,Intero,-6.625251381868571,6.68521498533444,-6.218,6.626,1.0,1.0
sub_0193,Extero,-2.0619319042762316,6.812395489321138,-2.084,6.491,1.0,1.0
sub_0194,Intero,0.16734493887806765,14.343693137067845,0.2,14.688,1.0,1.0
sub_0194,Extero,,,0.874,7.524,1.0,1.0
sub_0197,Intero,-6.957408063873888,7.740168850569471,-7.548,8.344,1.0,1.0
sub_0197,Extero,-3.356126437641852,5.030267676732438,-3.29,4.858,1.0,1.0
sub_0198,Intero,,,-24.432,8.124,1.0,1.0
sub_0198,Extero,-3.919777906993685,4.370367937403825,-3.898,4.339,1.0,1.0
sub_0200,Intero,-4.590057503855459,5.863140563507158,-5.243,5.067,1.0,1.0
sub_0200,Extero,-2.6131336235611795,7.159527490345492,-3.375,9.473,1.0,1.0
sub_0202,Intero,2.3759957936685367,16.021312594488233,5.215,11.696,1.0,1.0
sub_0202,Extero,1.5303657639405643,6.2717471945929,1.5,6.2,1.0,1.0
sub_0203,Intero,-22.347997511950002,12.704072643899314,-22.38,11.973,1.0,1.0
sub_0203,Extero,-0.3789385322548967,8.252476889774432,-0.507,8.086,1.0,1.0
sub_0204,Intero,8.822264745750287,7.190681374981773,8.037,7.49,1.0,1.0
sub_0204,Extero,2.589807569262808,9.504113025532966,2.049,8.864,1.0,1.0
sub_0206,Intero,4.646608236810364,20.910962607437803,0.69,21.24,1.0,1.0
sub_0206,Extero,-0.33593839705345085,4.471531350302031,-0.315,4.388,1.0,1.0
sub_0207,Intero,,,-11.381,17.315,1.0,1.0
sub_0207,Extero,2.1992609422915708,6.312658773027238,1.761,5.834,1.0,1.0
sub_0208,Intero,-2.3730129701099734,5.392369351533583,-1.011,4.626,1.0,1.0
sub_0208,Extero,-1.494090403081196,5.4630255127574205,-2.622,7.048,1.0,1.0
sub_0209,Intero,,,1.406,12.458,1.0,1.0
sub_0209,Extero,,,2.05,8.118,1.0,1.0
sub_0210,Intero,,,-19.691,28.541,1.0,1.0
sub_0210,Extero,-0.14356527533415694,10.001881368557584,-0.17,9.24,1.0,1.0
sub_0211,Intero,9.667244434599422,15.044399860248944,8.178,14.859,1.0,1.0
sub_0211,Extero,3.888390013672023,11.474477381255241,3.213,10.508,1.0,1.0
sub_0212,Intero,-1.9621682899168085,17.535144811239213,-1.692,18.815,1.0,1.0
sub_0212,Extero,-0.3359630758548857,7.054356751953787,0.338,7.857,1.0,1.0
sub_0213,Intero,-3.557099751203048,8.420083910943012,-3.652,8.21,1.0,1.0
sub_0213,Extero,-2.3850859552590515,9.402824978134682,-3.666,10.048,1.0,1.0
sub_0216,Intero,,,-13.97,10.091,1.0,1.0
sub_0216,Extero,5.601647826967144,8.09079957969146,5.39,6.813,1.0,1.0
sub_0217,Intero,-28.366677709389467,13.348967050205937,-36.578,25.755,1.01,1.0
sub_0217,Extero,-6.707162023989822,18.728071774429726,-9.055,20.879,1.0,1.0
sub_0218,Intero,-28.857239562346848,7.659228106307343,-29.211,7.757,1.0,1.0
sub_0218,Extero,,,-2.814,5.23,1.0,1.0
sub_0219,Intero,-11.695733581700832,9.921143978591546,-13.21,11.664,1.0,1.0
sub_0219,Extero,-3.1020397593127,10.28880124355018,-3.698,10.28,1.0,1.0
sub_0220,Intero,-18.59668074312102,15.177190488259914,-20.444,27.955,1.0,1.0
sub_0220,Extero,,,11.449,16.329,1.0,1.0
sub_0222,Intero,-5.155001403780068,8.671551434048304,-4.763,9.72,1.0,1.0
sub_0222,Extero,,,-1.412,5.087,1.0,1.0
sub_0223,Intero,-7.843087365761932,11.104016151554141,-11.055,12.277,1.0,1.0
sub_0223,Extero,-6.387821053717741,8.19567794953301,-6.474,7.743,1.0,1.0
sub_0224,Intero,-2.033720352208365,7.958198084024215,-2.192,8.507,1.0,1.0
sub_0224,Extero,3.55858427336093,3.6480245896190793,3.256,3.497,1.0,1.0
sub_0225,Intero,-11.404271566861071,9.184258695140846,-13.329,5.732,1.0,1.0
sub_0225,Extero,,,0.09,6.784,1.0,1.0
sub_0226,Intero,,,4.219,5.007,1.0,1.0
sub_0226,Extero,2.4882337594289257,4.194416685359046,1.871,3.684,1.0,1.0
sub_0228,Intero,,,7.607,16.952,1.0,1.0
sub_0228,Extero,1.3232358601623793,17.508952727805784,-0.393,21.236,1.0,1.0
sub_0229,Intero,-12.337312241946993,10.254575175154828,-12.122,10.898,1.0,1.0
sub_0229,Extero,,,-0.755,13.609,1.0,1.0
sub_0230,Intero,-16.427512020115962,6.190006608499937,-15.844,5.881,1.0,1.0
sub_0230,Extero,1.1917437143666587,7.732354820344746,1.253,7.576,1.0,1.0
sub_0231,Intero,12.652380420151074,12.48552475974693,14.151,11.311,1.0,1.0
sub_0231,Extero,,,-0.532,6.508,1.0,1.0
sub_0232,Intero,4.76589400871628,12.660000974682248,4.764,13.41,1.0,1.0
sub_0232,Extero,0.8332363869661987,5.952404253186174,2.361,9.986,1.0,1.0
sub_0233,Intero,-16.691183810911934,10.771548253760033,-13.576,11.593,1.0,1.0
sub_0233,Extero,,,2.592,5.233,1.0,1.0
sub_0234,Intero,,,8.324,7.28,1.0,1.0
sub_0234,Extero,8.629359750588321,10.53880877378914,8.576,10.025,1.0,1.0
sub_0235,Intero,-11.817541824128645,8.473741497112321,-11.647,6.362,1.0,1.0
sub_0235,Extero,-2.8409746477577014,5.668311138850767,-2.694,5.57,1.0,1.0
sub_0236,Intero,-21.35443301317311,16.838769971335598,-19.031,16.793,1.0,1.0
sub_0236,Extero,-10.462191066083056,11.132349175442824,-9.434,10.682,1.0,1.0
sub_0237,Intero,-2.5859702165369858,8.922089188980427,-1.321,11.633,1.0,1.0
sub_0237,Extero,1.5986141739927346,3.958182127994936,1.387,4.006,1.0,1.0
sub_0238,Intero,7.664019384992769,20.64502279125028,8.877,17.478,1.0,1.01
sub_0238,Extero,-1.214489489673019,14.692164387800029,-1.193,13.296,1.0,1.0
sub_0240,Intero,,,-1.739,6.153,1.0,1.0
sub_0240,Extero,,,-1.446,5.354,1.0,1.0
sub_0241,Intero,,,0.01,4.624,1.0,1.0
sub_0241,Extero,-0.14333366825145308,4.905105437072893,-0.253,4.816,1.0,1.0
sub_0243,Intero,-14.9866444853773,6.351948485509201,-15.26,19.826,1.0,1.0
sub_0243,Extero,2.241243631921532,12.282505578295048,2.059,11.148,1.0,1.0
sub_0244,Intero,9.943013813665868,15.510784443961407,9.008,15.184,1.0,1.0
sub_0244,Extero,3.4327286429119064,3.797370046060296,3.364,3.791,1.0,1.0
sub_0245,Intero,-15.422417643396205,14.167667135347044,-13.012,10.125,1.0,1.0
sub_0245,Extero,-3.2520557620505164,7.077159729797624,-3.087,6.931,1.0,1.0
sub_0246,Intero,,,3.808,5.156,1.0,1.0
sub_0246,Extero,1.0103955670262992,6.109962813014366,0.981,5.985,1.0,1.0
sub_0247,Intero,-8.599846119794236,10.123441259615763,-8.133,10.611,1.0,1.0
sub_0247,Extero,,,-3.477,8.895,1.0,1.0
sub_0248,Intero,4.9525803073800185,13.422470586152295,5.196,12.839,1.0,1.0
sub_0248,Extero,0.20583350613074047,8.328811710553392,0.908,9.026,1.0,1.0
sub_0249,Intero,-4.8654026005162665,5.589277435881161,-6.504,4.998,1.0,1.0
sub_0249,Extero,1.9957218145466744,12.391062763569849,-0.529,12.139,1.0,1.0
sub_0250,Intero,-10.388059233540961,12.136946605775261,-10.461,12.283,1.0,1.0
sub_0250,Extero,-0.892118664595716,6.566481850921693,-1.547,7.346,1.0,1.0
sub_0251,Intero,,,-0.429,10.253,1.0,1.0
sub_0251,Extero,-0.37891477545534175,6.962656852968816,0.307,10.112,1.0,1.0
sub_0252,Intero,2.9038458154827738,8.867703164395532,3.221,8.793,1.0,1.0
sub_0252,Extero,2.6141304897404263,10.179475536524487,3.253,10.076,1.0,1.0
sub_0253,Intero,5.076802292162596,10.361568953809071,4.615,10.078,1.0,1.0
sub_0253,Extero,0.047536031816241886,9.148607030281466,-0.626,9.443,1.0,1.0
sub_0254,Intero,0.3061144808843612,9.085229682858092,-0.219,9.212,1.0,1.0
sub_0254,Extero,0.03885503388574618,7.515127977792598,-0.151,7.352,1.0,1.0
sub_0255,Intero,-11.002943920666445,11.504529527222935,-13.367,17.056,1.0,1.0
sub_0255,Extero,2.7746879123733352,4.923375039577493,1.535,6.432,1.0,1.0
