,mean,sd,hdi_3%,hdi_97%,mcse_mean,mcse_sd,ess_mean,ess_sd,ess_bulk,ess_tail,r_hat
"mRatio[0,0,0]",1.13,0.19,0.81,1.53,0.01,0.01,304.59,289.5,315.17,526.85,1.01
"mRatio[0,1,0]",0.57,0.18,0.25,0.9,0.01,0.01,426.69,426.69,410.2,924.77,1.0
"mRatio[1,0,0]",1.35,0.29,0.84,1.86,0.02,0.01,273.89,266.09,286.73,639.54,1.01
"mRatio[1,1,0]",0.97,0.31,0.43,1.54,0.02,0.01,260.61,260.61,261.15,635.59,1.02
"mRatio[2,0,0]",1.2,0.18,0.87,1.53,0.01,0.01,204.7,203.53,207.5,569.5,1.01
"mRatio[2,1,0]",0.82,0.18,0.48,1.16,0.02,0.01,140.72,140.72,141.09,732.78,1.02
"mRatio[3,0,0]",1.13,0.23,0.73,1.58,0.01,0.01,408.35,408.35,375.93,712.31,1.01
"mRatio[3,1,0]",0.79,0.29,0.29,1.31,0.01,0.01,506.78,506.78,455.79,633.94,1.02
"mRatio[4,0,0]",1.27,0.33,0.76,1.91,0.02,0.01,321.42,321.42,350.4,424.92,1.0
"mRatio[4,1,0]",0.61,0.16,0.28,0.9,0.01,0.01,391.59,391.59,376.14,181.33,1.01
"mRatio[5,0,0]",1.03,0.17,0.73,1.38,0.01,0.01,384.91,361.56,395.14,474.55,1.01
"mRatio[5,1,0]",0.78,0.32,0.28,1.4,0.02,0.02,168.19,167.43,181.82,338.81,1.02
"mRatio[6,0,0]",0.96,0.18,0.6,1.26,0.01,0.01,271.91,271.91,267.27,436.14,1.01
"mRatio[6,1,0]",0.4,0.12,0.19,0.62,0.0,0.0,628.27,628.27,597.73,825.08,1.01
"mRatio[7,0,0]",0.88,0.12,0.65,1.1,0.01,0.0,382.04,382.04,381.88,845.61,1.01
"mRatio[7,1,0]",0.83,0.29,0.34,1.37,0.02,0.01,345.77,345.77,326.51,603.73,1.01
"mRatio[8,0,0]",1.07,0.26,0.64,1.54,0.01,0.01,368.85,368.85,365.97,606.18,1.01
"mRatio[8,1,0]",0.59,0.23,0.18,1.02,0.01,0.01,349.5,349.5,337.89,498.75,1.01
"mRatio[9,0,0]",0.87,0.14,0.59,1.14,0.01,0.0,579.62,579.62,575.38,1089.01,1.0
"mRatio[9,1,0]",0.94,0.35,0.32,1.58,0.02,0.01,325.0,325.0,309.49,333.26,1.01
"mRatio[10,0,0]",0.88,0.14,0.61,1.13,0.01,0.0,482.01,478.01,491.41,877.32,1.01
"mRatio[10,1,0]",0.81,0.28,0.29,1.32,0.02,0.01,324.68,324.68,319.83,800.41,1.0
"mRatio[11,0,0]",1.08,0.24,0.65,1.53,0.01,0.01,562.74,562.74,573.18,944.32,1.01
"mRatio[11,1,0]",0.86,0.37,0.23,1.53,0.02,0.01,421.17,421.17,410.1,779.3,1.0
"mRatio[12,0,0]",1.16,0.18,0.84,1.48,0.01,0.01,344.09,344.09,344.31,632.2,1.0
"mRatio[12,1,0]",0.94,0.46,0.27,1.78,0.03,0.02,326.11,326.11,325.78,538.77,1.0
"mRatio[13,0,0]",0.9,0.13,0.66,1.15,0.01,0.01,335.7,335.7,335.44,961.43,1.02
"mRatio[13,1,0]",0.6,0.22,0.22,1.02,0.01,0.01,328.96,328.96,254.99,162.32,1.01
"mRatio[14,0,0]",0.97,0.16,0.66,1.27,0.01,0.01,460.18,460.18,460.96,929.12,1.0
"mRatio[14,1,0]",0.75,0.25,0.32,1.24,0.01,0.01,494.83,494.83,479.65,819.59,1.0
"mRatio[15,0,0]",1.11,0.17,0.8,1.43,0.01,0.01,353.03,353.03,354.91,804.26,1.01
"mRatio[15,1,0]",0.69,0.19,0.32,1.04,0.01,0.01,414.24,414.24,402.09,483.2,1.01
"mRatio[16,0,0]",0.77,0.15,0.51,1.05,0.01,0.01,240.6,240.6,252.83,415.71,1.01
"mRatio[16,1,0]",0.39,0.14,0.14,0.66,0.01,0.0,486.68,486.68,475.89,732.69,1.01
"mRatio[17,0,0]",1.02,0.15,0.75,1.31,0.01,0.01,255.02,255.02,255.08,377.81,1.01
"mRatio[17,1,0]",0.67,0.17,0.37,0.98,0.01,0.01,236.8,236.8,236.68,490.45,1.02
"mRatio[18,0,0]",1.15,0.22,0.76,1.57,0.01,0.01,385.15,385.15,382.58,840.97,1.0
"mRatio[18,1,0]",0.8,0.32,0.25,1.37,0.01,0.01,462.0,462.0,414.19,534.94,1.0
"mRatio[19,0,0]",1.02,0.18,0.69,1.35,0.01,0.01,531.35,531.35,523.59,1063.47,1.0
"mRatio[19,1,0]",0.77,0.37,0.2,1.46,0.02,0.01,458.75,458.75,444.0,698.81,1.0
"mRatio[20,0,0]",0.91,0.13,0.68,1.16,0.01,0.01,267.11,266.56,267.44,547.96,1.01
"mRatio[20,1,0]",0.94,0.55,0.19,1.93,0.05,0.03,147.03,147.03,210.96,174.69,1.01
"mRatio[21,0,0]",1.17,0.23,0.78,1.61,0.01,0.01,283.03,273.16,305.7,341.11,1.0
"mRatio[21,1,0]",1.29,0.27,0.77,1.79,0.01,0.01,513.33,513.33,512.74,806.73,1.0
"mRatio[22,0,0]",1.05,0.16,0.76,1.35,0.01,0.01,299.59,299.59,298.84,424.84,1.01
"mRatio[22,1,0]",0.59,0.17,0.29,0.92,0.01,0.01,381.52,381.52,372.38,511.98,1.01
"mRatio[23,0,0]",0.99,0.15,0.74,1.28,0.01,0.01,191.81,184.04,195.28,246.04,1.01
"mRatio[23,1,0]",0.85,0.22,0.44,1.25,0.01,0.01,441.54,431.0,448.53,573.0,1.0
"mRatio[24,0,0]",1.05,0.16,0.74,1.34,0.01,0.01,341.41,337.37,342.75,623.53,1.01
"mRatio[24,1,0]",0.82,0.22,0.43,1.25,0.01,0.01,411.03,411.03,407.25,688.38,1.01
"mRatio[25,0,0]",1.11,0.18,0.8,1.46,0.01,0.01,317.46,317.02,321.9,643.94,1.01
"mRatio[25,1,0]",0.86,0.27,0.39,1.4,0.01,0.01,587.82,587.82,565.97,860.95,1.01
"mRatio[26,0,0]",1.0,0.15,0.71,1.28,0.01,0.01,304.66,304.66,305.2,556.57,1.0
"mRatio[26,1,0]",0.83,0.35,0.26,1.51,0.03,0.02,188.11,168.81,222.6,272.99,1.0
"mRatio[27,0,0]",1.18,0.16,0.87,1.47,0.01,0.01,310.42,310.42,306.29,805.22,1.0
"mRatio[27,1,0]",0.6,0.22,0.2,0.98,0.01,0.01,215.52,215.52,188.64,352.44,1.01
"mRatio[28,0,0]",1.07,0.16,0.78,1.37,0.01,0.01,299.65,299.65,307.06,772.76,1.01
"mRatio[28,1,0]",0.83,0.29,0.31,1.38,0.01,0.01,481.4,481.4,429.02,944.59,1.02
"mRatio[29,0,0]",1.16,0.18,0.82,1.5,0.01,0.01,257.1,257.1,256.11,668.65,1.01
"mRatio[29,1,0]",0.75,0.17,0.43,1.04,0.01,0.01,269.14,269.14,268.98,512.72,1.01
"mRatio[30,0,0]",0.96,0.17,0.6,1.26,0.01,0.01,346.04,346.04,347.0,567.67,1.01
"mRatio[30,1,0]",0.77,0.31,0.27,1.36,0.02,0.01,261.11,250.82,265.86,425.47,1.0
"mRatio[31,0,0]",1.38,0.29,0.89,1.94,0.02,0.01,299.17,299.17,291.99,748.08,1.01
"mRatio[31,1,0]",0.91,0.27,0.4,1.4,0.01,0.01,468.38,468.38,463.45,894.0,1.0
"mRatio[32,0,0]",0.96,0.14,0.69,1.21,0.01,0.01,271.39,271.39,272.84,628.47,1.0
"mRatio[32,1,0]",0.65,0.25,0.23,1.11,0.01,0.01,298.06,298.06,280.36,489.32,1.0
"mRatio[33,0,0]",0.85,0.12,0.61,1.07,0.01,0.0,377.5,368.56,381.27,693.78,1.01
"mRatio[33,1,0]",0.65,0.29,0.2,1.18,0.01,0.01,610.08,610.08,590.24,1105.16,1.01
"mRatio[34,0,0]",0.8,0.12,0.58,1.04,0.01,0.0,320.17,320.17,317.38,464.67,1.01
"mRatio[34,1,0]",0.59,0.26,0.18,1.09,0.01,0.01,444.49,444.49,415.09,638.24,1.0
"mRatio[35,0,0]",1.2,0.23,0.78,1.63,0.01,0.01,580.84,569.34,603.68,1053.85,1.0
"mRatio[35,1,0]",1.26,0.39,0.51,1.94,0.02,0.01,577.54,577.54,564.82,992.59,1.01
"mRatio[36,0,0]",1.02,0.16,0.72,1.32,0.01,0.01,458.2,458.2,455.33,998.82,1.02
"mRatio[36,1,0]",0.52,0.15,0.24,0.8,0.01,0.01,211.54,211.54,210.32,450.63,1.0
"mRatio[37,0,0]",1.2,0.22,0.78,1.6,0.01,0.01,344.38,344.38,337.24,271.76,1.01
"mRatio[37,1,0]",0.76,0.29,0.24,1.28,0.01,0.01,414.84,414.84,390.69,498.34,1.01
"mRatio[38,0,0]",1.19,0.18,0.85,1.53,0.01,0.01,316.34,315.33,319.41,549.61,1.01
"mRatio[38,1,0]",0.89,0.31,0.38,1.49,0.02,0.01,217.1,217.1,214.04,498.98,1.02
"mRatio[39,0,0]",0.81,0.13,0.57,1.05,0.01,0.0,506.61,504.84,502.32,1066.52,1.0
"mRatio[39,1,0]",0.81,0.31,0.28,1.41,0.02,0.01,388.71,388.71,359.91,436.06,1.01
"mRatio[40,0,0]",1.32,0.37,0.76,1.96,0.02,0.02,296.29,261.61,392.2,305.77,1.01
"mRatio[40,1,0]",0.96,0.21,0.55,1.34,0.01,0.01,498.19,498.19,498.06,998.45,1.0
"mRatio[41,0,0]",1.05,0.15,0.77,1.34,0.01,0.01,354.98,354.98,354.17,543.48,1.0
"mRatio[41,1,0]",0.75,0.23,0.33,1.15,0.01,0.01,428.37,428.37,417.91,805.98,1.01
"mRatio[42,0,0]",1.06,0.16,0.74,1.34,0.01,0.01,292.82,292.82,290.89,566.88,1.01
"mRatio[42,1,0]",0.61,0.19,0.27,0.97,0.01,0.01,222.05,222.05,221.12,483.82,1.01
"mRatio[43,0,0]",1.08,0.15,0.79,1.35,0.01,0.01,341.76,341.76,342.57,713.8,1.01
"mRatio[43,1,0]",0.76,0.29,0.25,1.3,0.02,0.01,354.43,354.43,308.41,445.79,1.01
"mRatio[44,0,0]",0.95,0.13,0.72,1.18,0.01,0.01,257.05,256.77,256.99,467.27,1.01
"mRatio[44,1,0]",1.15,0.41,0.42,1.92,0.03,0.02,242.62,242.62,227.76,250.59,1.01
"mRatio[45,0,0]",0.97,0.16,0.68,1.29,0.01,0.01,225.18,224.86,227.17,744.31,1.01
"mRatio[45,1,0]",0.79,0.34,0.27,1.46,0.02,0.01,290.78,290.78,310.71,622.58,1.0
"mRatio[46,0,0]",0.93,0.14,0.66,1.19,0.01,0.0,580.33,578.54,581.71,977.4,1.01
"mRatio[46,1,0]",0.78,0.3,0.31,1.4,0.02,0.02,178.26,166.95,197.51,226.71,1.01
"mRatio[47,0,0]",0.94,0.15,0.69,1.22,0.01,0.01,300.67,292.49,298.92,764.12,1.02
"mRatio[47,1,0]",0.78,0.35,0.26,1.44,0.02,0.01,424.7,424.7,407.56,985.6,1.0
"mRatio[48,0,0]",1.08,0.19,0.75,1.46,0.01,0.01,283.45,283.45,290.27,876.99,1.01
"mRatio[48,1,0]",0.83,0.36,0.25,1.49,0.02,0.01,323.08,323.08,338.78,601.92,1.01
"mRatio[49,0,0]",1.17,0.17,0.85,1.49,0.01,0.01,221.03,221.03,218.09,493.42,1.0
"mRatio[49,1,0]",0.86,0.37,0.3,1.58,0.02,0.01,356.97,356.97,334.09,543.13,1.0
"mRatio[50,0,0]",0.94,0.16,0.63,1.23,0.01,0.01,502.93,502.93,495.58,1152.79,1.0
"mRatio[50,1,0]",0.75,0.24,0.33,1.2,0.01,0.01,396.49,396.49,401.84,554.61,1.0
"mRatio[51,0,0]",1.06,0.16,0.77,1.37,0.01,0.01,401.67,396.23,403.84,632.98,1.0
"mRatio[51,1,0]",0.83,0.32,0.28,1.45,0.01,0.01,533.29,533.29,487.84,705.47,1.0
"mRatio[52,0,0]",0.81,0.15,0.54,1.09,0.01,0.0,465.59,465.59,462.6,889.86,1.0
"mRatio[52,1,0]",0.49,0.18,0.17,0.83,0.01,0.01,413.74,413.74,410.5,981.33,1.01
"mRatio[53,0,0]",1.08,0.21,0.69,1.49,0.01,0.01,367.1,367.1,358.6,419.74,1.0
"mRatio[53,1,0]",0.77,0.32,0.26,1.34,0.02,0.02,205.0,171.82,238.13,245.78,1.01
"mRatio[54,0,0]",1.06,0.15,0.78,1.35,0.01,0.01,179.6,179.6,169.07,517.01,1.03
"mRatio[54,1,0]",0.86,0.33,0.3,1.47,0.01,0.01,537.58,537.58,506.55,941.46,1.0
"mRatio[55,0,0]",0.83,0.13,0.59,1.07,0.01,0.0,361.82,361.82,365.43,602.03,1.0
"mRatio[55,1,0]",0.92,0.42,0.25,1.71,0.02,0.02,336.85,336.85,327.96,990.76,1.01
"mRatio[56,0,0]",0.84,0.12,0.63,1.06,0.01,0.0,376.71,376.71,376.42,559.96,1.02
"mRatio[56,1,0]",0.57,0.19,0.24,0.94,0.01,0.01,395.33,395.33,393.4,757.51,1.01
"mRatio[57,0,0]",1.06,0.18,0.74,1.4,0.01,0.01,410.55,403.92,416.67,658.66,1.01
"mRatio[57,1,0]",0.46,0.13,0.2,0.7,0.01,0.01,334.82,334.82,335.14,825.15,1.01
"mRatio[58,0,0]",0.87,0.13,0.63,1.1,0.01,0.0,374.31,374.31,371.85,752.9,1.01
"mRatio[58,1,0]",0.72,0.31,0.23,1.27,0.02,0.01,248.02,247.77,254.36,599.71,1.01
"mRatio[59,0,0]",1.14,0.17,0.81,1.45,0.01,0.01,134.19,123.55,145.03,156.8,1.02
"mRatio[59,1,0]",0.69,0.25,0.24,1.16,0.01,0.01,548.83,548.83,484.3,1072.16,1.0
"mRatio[60,0,0]",0.96,0.15,0.68,1.23,0.01,0.0,561.29,561.29,560.78,971.52,1.0
"mRatio[60,1,0]",0.94,0.26,0.47,1.44,0.01,0.01,413.46,413.46,411.26,888.31,1.01
"mRatio[61,0,0]",0.92,0.14,0.68,1.2,0.01,0.0,430.87,430.87,422.17,908.45,1.01
"mRatio[61,1,0]",0.74,0.2,0.39,1.12,0.01,0.01,469.01,469.01,469.21,983.63,1.0
"mRatio[62,0,0]",1.19,0.24,0.73,1.62,0.01,0.01,365.85,358.42,380.08,561.95,1.0
"mRatio[62,1,0]",0.84,0.23,0.43,1.29,0.01,0.01,345.61,345.61,336.67,377.83,1.0
"mRatio[63,0,0]",1.18,0.19,0.82,1.53,0.01,0.01,314.51,309.03,323.56,328.28,1.0
"mRatio[63,1,0]",1.19,0.32,0.6,1.78,0.02,0.01,350.01,350.01,350.66,984.83,1.0
"mRatio[64,0,0]",1.01,0.13,0.76,1.25,0.01,0.0,389.26,383.04,393.78,964.74,1.0
"mRatio[64,1,0]",0.75,0.32,0.25,1.3,0.02,0.01,301.07,301.07,317.35,418.62,1.01
"mRatio[65,0,0]",1.07,0.16,0.78,1.37,0.01,0.01,438.48,433.89,441.96,703.64,1.01
"mRatio[65,1,0]",0.84,0.28,0.33,1.33,0.01,0.01,415.77,415.77,401.6,620.56,1.01
"mRatio[66,0,0]",0.73,0.12,0.51,0.96,0.01,0.0,497.9,497.9,499.53,656.24,1.0
"mRatio[66,1,0]",0.67,0.2,0.29,1.04,0.01,0.01,413.14,413.14,417.81,917.91,1.0
"mRatio[67,0,0]",1.56,0.26,1.06,2.03,0.01,0.01,318.93,318.93,323.21,623.37,1.0
"mRatio[67,1,0]",1.38,0.52,0.51,2.37,0.03,0.02,250.35,250.35,257.19,645.41,1.01
"mRatio[68,0,0]",1.0,0.15,0.74,1.29,0.01,0.01,172.08,168.84,173.53,289.02,1.01
"mRatio[68,1,0]",0.75,0.34,0.23,1.37,0.01,0.01,532.99,532.99,498.19,1046.56,1.01
"mRatio[69,0,0]",0.81,0.16,0.53,1.11,0.01,0.01,443.86,434.81,452.27,756.11,1.0
"mRatio[69,1,0]",0.41,0.14,0.16,0.66,0.01,0.0,510.43,510.43,506.02,844.48,1.0
"mRatio[70,0,0]",0.83,0.14,0.57,1.08,0.01,0.0,460.52,460.52,456.61,1121.15,1.0
"mRatio[70,1,0]",0.71,0.19,0.35,1.05,0.01,0.01,301.47,301.47,306.92,614.56,1.01
"mRatio[71,0,0]",0.72,0.13,0.48,0.97,0.01,0.0,504.79,504.79,501.67,786.61,1.0
"mRatio[71,1,0]",0.63,0.17,0.34,0.99,0.01,0.01,490.15,490.15,490.0,906.17,1.01
"mRatio[72,0,0]",1.0,0.16,0.72,1.32,0.01,0.01,331.04,331.04,323.72,712.65,1.01
"mRatio[72,1,0]",0.71,0.19,0.35,1.06,0.01,0.01,428.52,428.52,428.5,641.8,1.01
"mRatio[73,0,0]",1.06,0.15,0.78,1.34,0.01,0.01,376.88,376.88,374.21,782.46,1.01
"mRatio[73,1,0]",0.66,0.17,0.33,0.96,0.01,0.0,582.84,582.84,583.28,847.14,1.0
"mRatio[74,0,0]",1.08,0.19,0.72,1.44,0.01,0.01,432.2,432.2,433.19,737.08,1.0
"mRatio[74,1,0]",0.77,0.28,0.3,1.28,0.01,0.01,481.04,481.04,440.15,870.23,1.0
"mRatio[75,0,0]",1.12,0.2,0.74,1.46,0.01,0.01,495.41,495.41,492.13,1197.95,1.01
"mRatio[75,1,0]",0.88,0.26,0.38,1.35,0.02,0.01,273.94,273.94,274.85,651.7,1.01
"mRatio[76,0,0]",1.16,0.2,0.81,1.54,0.01,0.01,254.26,254.26,250.28,425.06,1.01
"mRatio[76,1,0]",0.59,0.16,0.26,0.88,0.01,0.01,479.23,479.23,473.63,733.75,1.01
"mRatio[77,0,0]",0.67,0.15,0.38,0.95,0.02,0.01,83.4,83.4,108.17,102.45,1.03
"mRatio[77,1,0]",0.57,0.29,0.11,1.11,0.02,0.01,248.48,248.48,170.25,183.53,1.02
"mRatio[78,0,0]",0.67,0.14,0.42,0.96,0.01,0.01,282.24,282.24,332.28,254.65,1.01
"mRatio[78,1,0]",0.47,0.14,0.21,0.74,0.01,0.0,461.19,461.19,451.07,592.85,1.0
"mRatio[79,0,0]",1.1,0.17,0.78,1.41,0.01,0.01,450.44,450.18,456.49,951.78,1.0
"mRatio[79,1,0]",0.86,0.22,0.46,1.27,0.01,0.01,269.79,269.79,274.18,1023.78,1.01
"mRatio[80,0,0]",1.18,0.21,0.8,1.57,0.01,0.01,400.07,400.07,394.21,834.16,1.0
"mRatio[80,1,0]",0.99,0.21,0.59,1.38,0.01,0.01,266.39,266.39,267.15,718.26,1.02
"mRatio[81,0,0]",0.96,0.15,0.67,1.24,0.01,0.01,284.9,284.9,286.54,841.46,1.0
"mRatio[81,1,0]",0.76,0.29,0.28,1.32,0.02,0.01,345.61,345.61,341.96,710.05,1.0
"mRatio[82,0,0]",0.93,0.13,0.67,1.16,0.01,0.01,336.96,332.23,340.33,496.52,1.0
"mRatio[82,1,0]",0.71,0.27,0.25,1.21,0.02,0.01,239.85,239.85,251.68,374.07,1.02
"mRatio[83,0,0]",1.1,0.18,0.77,1.45,0.01,0.01,377.36,377.36,375.64,822.27,1.01
"mRatio[83,1,0]",0.97,0.4,0.29,1.71,0.02,0.02,340.41,340.41,340.15,685.97,1.0
"mRatio[84,0,0]",1.18,0.16,0.88,1.49,0.01,0.01,349.05,347.54,351.04,742.26,1.01
"mRatio[84,1,0]",1.35,0.43,0.6,2.19,0.02,0.01,439.63,439.63,419.38,689.32,1.0
"mRatio[85,0,0]",0.98,0.14,0.72,1.23,0.01,0.01,270.01,262.65,276.7,535.36,1.0
"mRatio[85,1,0]",0.81,0.18,0.47,1.15,0.01,0.01,279.56,279.56,274.64,685.25,1.0
"mRatio[86,0,0]",0.83,0.16,0.55,1.12,0.01,0.0,661.58,661.58,646.97,995.49,1.0
"mRatio[86,1,0]",0.56,0.19,0.22,0.91,0.01,0.01,524.25,524.25,495.29,843.08,1.0
"mRatio[87,0,0]",1.17,0.18,0.86,1.51,0.01,0.01,346.36,333.17,354.53,578.63,1.0
"mRatio[87,1,0]",0.81,0.34,0.23,1.43,0.02,0.01,374.96,374.96,361.01,355.16,1.0
"mRatio[88,0,0]",0.94,0.13,0.69,1.18,0.01,0.0,427.87,427.87,423.82,669.97,1.01
"mRatio[88,1,0]",0.97,0.2,0.61,1.37,0.01,0.01,341.58,341.58,339.89,651.45,1.0
"mRatio[89,0,0]",1.14,0.19,0.77,1.48,0.01,0.01,197.74,197.74,197.51,589.44,1.01
"mRatio[89,1,0]",0.42,0.11,0.22,0.63,0.01,0.0,335.34,335.34,325.48,1252.53,1.01
"mRatio[90,0,0]",1.37,0.29,0.85,1.93,0.02,0.01,367.24,367.24,367.59,597.36,1.01
"mRatio[90,1,0]",0.92,0.26,0.46,1.43,0.01,0.01,374.07,355.77,382.91,468.85,1.0
"mRatio[91,0,0]",0.93,0.18,0.57,1.26,0.01,0.01,358.0,344.54,369.98,335.75,1.01
"mRatio[91,1,0]",0.61,0.26,0.2,1.09,0.01,0.01,532.97,532.97,509.12,1070.84,1.0
"mRatio[92,0,0]",1.29,0.23,0.89,1.74,0.01,0.01,336.59,336.59,325.58,490.65,1.02
"mRatio[92,1,0]",0.91,0.36,0.31,1.56,0.02,0.01,336.38,336.38,335.6,722.69,1.0
"mRatio[93,0,0]",1.08,0.17,0.78,1.42,0.01,0.01,279.97,279.97,275.74,641.55,1.0
"mRatio[93,1,0]",0.84,0.35,0.27,1.51,0.02,0.01,285.24,280.82,301.06,426.52,1.0
"mRatio[94,0,0]",1.21,0.18,0.88,1.56,0.01,0.01,234.27,231.67,235.78,572.81,1.01
"mRatio[94,1,0]",0.77,0.27,0.3,1.28,0.02,0.01,299.51,299.51,275.07,566.45,1.01
"mRatio[95,0,0]",1.23,0.21,0.85,1.64,0.01,0.01,315.97,315.97,316.6,512.34,1.02
"mRatio[95,1,0]",0.7,0.28,0.24,1.2,0.01,0.01,364.82,364.82,345.62,742.22,1.01
"mRatio[96,0,0]",0.92,0.13,0.69,1.17,0.01,0.01,311.88,311.88,310.88,619.76,1.0
"mRatio[96,1,0]",0.63,0.22,0.25,1.04,0.01,0.01,443.15,443.15,426.36,741.61,1.0
"mRatio[97,0,0]",0.91,0.14,0.65,1.17,0.01,0.01,370.91,357.07,379.22,704.72,1.0
"mRatio[97,1,0]",0.52,0.15,0.26,0.79,0.01,0.0,477.97,477.97,470.92,928.87,1.0
"mRatio[98,0,0]",1.34,0.23,0.91,1.76,0.01,0.01,328.99,328.99,323.99,777.66,1.01
"mRatio[98,1,0]",0.91,0.32,0.32,1.48,0.02,0.01,245.87,245.87,242.11,919.76,1.0
"mRatio[99,0,0]",0.92,0.13,0.69,1.17,0.01,0.0,443.51,437.17,448.99,825.52,1.01
"mRatio[99,1,0]",0.44,0.13,0.21,0.68,0.01,0.0,499.87,499.87,494.33,785.27,1.0
"mRatio[100,0,0]",0.97,0.16,0.69,1.28,0.01,0.01,245.79,245.55,247.28,477.96,1.0
"mRatio[100,1,0]",0.57,0.16,0.26,0.87,0.01,0.01,285.69,283.51,290.4,417.38,1.0
"mRatio[101,0,0]",1.08,0.22,0.65,1.48,0.01,0.01,482.06,482.06,477.53,812.22,1.01
"mRatio[101,1,0]",0.55,0.17,0.24,0.85,0.01,0.01,481.88,481.88,473.96,1108.09,1.0
"mRatio[102,0,0]",0.99,0.16,0.66,1.26,0.01,0.01,257.49,254.15,260.48,437.63,1.02
"mRatio[102,1,0]",0.64,0.18,0.33,0.99,0.01,0.01,385.43,364.84,398.69,871.31,1.01
"mRatio[103,0,0]",0.97,0.13,0.72,1.21,0.01,0.01,349.88,349.88,352.07,715.75,1.0
"mRatio[103,1,0]",1.07,0.28,0.56,1.61,0.02,0.01,317.89,317.89,302.31,682.13,1.0
"mRatio[104,0,0]",1.02,0.2,0.67,1.39,0.01,0.01,400.28,364.61,418.75,645.86,1.01
"mRatio[104,1,0]",0.52,0.16,0.24,0.82,0.01,0.01,381.42,381.42,377.83,1034.51,1.01
"mRatio[105,0,0]",1.24,0.18,0.91,1.57,0.02,0.01,97.9,96.51,101.07,545.47,1.02
"mRatio[105,1,0]",1.01,0.21,0.61,1.39,0.01,0.01,275.82,269.2,277.72,748.13,1.0
"mRatio[106,0,0]",1.28,0.25,0.82,1.75,0.01,0.01,419.44,419.44,418.49,865.1,1.0
"mRatio[106,1,0]",0.71,0.25,0.27,1.2,0.01,0.01,681.36,681.36,640.19,884.72,1.0
"mRatio[107,0,0]",1.16,0.18,0.82,1.49,0.01,0.01,375.94,375.94,375.31,601.21,1.0
"mRatio[107,1,0]",0.76,0.22,0.38,1.21,0.01,0.01,450.6,450.6,458.36,951.44,1.02
"mRatio[108,0,0]",0.81,0.14,0.55,1.07,0.01,0.01,350.26,350.26,346.41,542.68,1.01
"mRatio[108,1,0]",0.47,0.18,0.17,0.8,0.01,0.01,312.79,312.79,302.63,611.38,1.02
"mRatio[109,0,0]",0.8,0.13,0.55,1.03,0.01,0.0,417.19,417.19,411.94,1017.41,1.0
"mRatio[109,1,0]",0.59,0.24,0.2,1.04,0.01,0.01,699.46,699.46,596.42,719.79,1.0
"mRatio[110,0,0]",0.87,0.18,0.56,1.21,0.01,0.01,190.86,190.86,181.43,91.23,1.01
"mRatio[110,1,0]",0.51,0.19,0.19,0.88,0.01,0.01,692.71,692.71,649.09,1156.7,1.01
"mRatio[111,0,0]",0.87,0.13,0.64,1.15,0.01,0.01,224.19,223.11,226.08,442.7,1.01
"mRatio[111,1,0]",0.62,0.15,0.35,0.9,0.01,0.0,549.98,549.98,533.27,946.84,1.01
"mRatio[112,0,0]",0.82,0.12,0.61,1.04,0.01,0.0,338.39,338.39,339.29,948.02,1.01
"mRatio[112,1,0]",0.67,0.29,0.2,1.19,0.01,0.01,387.08,387.08,402.31,718.28,1.01
"mRatio[113,0,0]",0.85,0.15,0.58,1.13,0.01,0.01,320.38,320.2,319.46,586.72,1.01
"mRatio[113,1,0]",0.51,0.19,0.19,0.89,0.01,0.01,468.64,468.64,444.19,715.22,1.0
"mRatio[114,0,0]",1.32,0.19,0.97,1.7,0.01,0.01,253.79,253.79,253.07,401.38,1.01
"mRatio[114,1,0]",0.97,0.28,0.48,1.5,0.02,0.01,296.09,288.64,299.87,450.63,1.01
"mRatio[115,0,0]",1.46,0.59,0.71,2.65,0.08,0.06,58.65,51.48,113.32,54.01,1.02
"mRatio[115,1,0]",1.13,0.38,0.5,1.89,0.03,0.02,219.25,191.95,237.23,304.57,1.01
"mRatio[116,0,0]",0.93,0.14,0.69,1.23,0.01,0.0,564.75,559.63,568.92,1049.01,1.01
"mRatio[116,1,0]",0.55,0.18,0.23,0.87,0.01,0.01,589.02,589.02,489.82,676.17,1.0
"mRatio[117,0,0]",0.97,0.17,0.66,1.27,0.01,0.01,452.57,452.57,449.43,1002.57,1.01
"mRatio[117,1,0]",0.59,0.19,0.25,0.95,0.01,0.01,373.89,373.89,356.95,615.7,1.01
"mRatio[118,0,0]",1.34,0.3,0.83,1.88,0.02,0.01,278.41,273.79,294.19,443.23,1.01
"mRatio[118,1,0]",0.89,0.21,0.49,1.27,0.02,0.01,160.99,146.11,164.33,248.32,1.03
"mRatio[119,0,0]",0.85,0.16,0.55,1.15,0.01,0.01,491.8,491.8,483.35,899.34,1.01
"mRatio[119,1,0]",0.64,0.27,0.2,1.14,0.01,0.01,407.62,401.62,423.36,545.52,1.01
"mRatio[120,0,0]",0.92,0.12,0.7,1.15,0.01,0.0,326.57,324.06,329.9,677.74,1.01
"mRatio[120,1,0]",0.7,0.29,0.23,1.24,0.01,0.01,498.98,498.98,454.25,740.15,1.02
"mRatio[121,0,0]",1.35,0.19,1.01,1.7,0.01,0.01,336.41,336.41,337.69,707.84,1.0
"mRatio[121,1,0]",1.06,0.24,0.6,1.5,0.02,0.01,250.78,250.78,246.7,390.33,1.02
"mRatio[122,0,0]",0.84,0.14,0.57,1.09,0.01,0.01,358.82,358.82,360.83,774.28,1.01
"mRatio[122,1,0]",0.61,0.27,0.19,1.13,0.01,0.01,543.43,543.43,505.25,638.28,1.01
"mRatio[123,0,0]",0.92,0.15,0.66,1.22,0.01,0.0,422.09,422.09,419.25,768.76,1.0
"mRatio[123,1,0]",0.69,0.19,0.34,1.05,0.01,0.01,432.99,432.99,442.36,984.33,1.01
"mRatio[124,0,0]",0.79,0.14,0.54,1.07,0.01,0.01,136.8,136.8,150.15,354.84,1.03
"mRatio[124,1,0]",0.68,0.34,0.18,1.31,0.02,0.02,244.41,244.41,218.05,625.77,1.01
"mRatio[125,0,0]",0.99,0.19,0.63,1.34,0.01,0.01,353.38,353.38,339.61,617.26,1.01
"mRatio[125,1,0]",0.92,0.33,0.38,1.55,0.02,0.01,368.64,368.64,355.79,757.95,1.01
"mRatio[126,0,0]",1.53,0.24,1.11,2.01,0.02,0.01,239.64,239.64,241.17,582.17,1.01
"mRatio[126,1,0]",1.08,0.32,0.53,1.74,0.02,0.01,400.76,374.08,419.57,672.42,1.0
"mRatio[127,0,0]",0.99,0.15,0.71,1.28,0.01,0.01,316.09,316.09,320.74,685.47,1.0
"mRatio[127,1,0]",0.89,0.36,0.33,1.57,0.02,0.01,308.43,308.43,290.26,683.55,1.0
"mRatio[128,0,0]",1.04,0.2,0.67,1.43,0.01,0.01,536.68,536.68,525.71,1009.5,1.01
"mRatio[128,1,0]",0.7,0.27,0.24,1.19,0.02,0.01,293.38,293.38,311.89,631.19,1.02
"mRatio[129,0,0]",1.04,0.17,0.72,1.36,0.01,0.01,354.47,354.47,349.49,552.75,1.0
"mRatio[129,1,0]",0.58,0.21,0.24,0.99,0.01,0.01,492.36,492.36,425.04,803.18,1.01
"mRatio[130,0,0]",1.0,0.14,0.74,1.25,0.01,0.01,267.47,267.47,270.69,850.2,1.01
"mRatio[130,1,0]",0.72,0.25,0.27,1.17,0.01,0.01,417.66,417.66,407.83,744.62,1.0
"mRatio[131,0,0]",1.04,0.16,0.76,1.33,0.01,0.01,335.87,335.87,334.39,759.62,1.0
"mRatio[131,1,0]",0.7,0.28,0.23,1.19,0.02,0.01,337.09,337.09,325.05,715.06,1.0
"mRatio[132,0,0]",0.91,0.15,0.64,1.18,0.01,0.0,478.15,478.15,474.09,879.24,1.0
"mRatio[132,1,0]",0.78,0.32,0.27,1.39,0.02,0.01,425.12,425.12,430.13,960.71,1.0
"mRatio[133,0,0]",0.8,0.15,0.52,1.07,0.01,0.0,567.91,567.91,558.85,846.79,1.0
"mRatio[133,1,0]",0.51,0.21,0.18,0.9,0.01,0.01,428.83,428.83,344.33,432.06,1.01
"mRatio[134,0,0]",0.82,0.12,0.59,1.05,0.01,0.01,269.74,268.06,272.61,903.09,1.01
"mRatio[134,1,0]",0.56,0.2,0.22,0.94,0.01,0.01,457.23,457.23,470.6,911.14,1.0
"mRatio[135,0,0]",1.13,0.19,0.8,1.5,0.01,0.01,517.67,517.67,502.17,694.31,1.01
"mRatio[135,1,0]",0.73,0.28,0.26,1.28,0.01,0.01,455.86,455.86,454.56,825.15,1.0
"mRatio[136,0,0]",1.12,0.17,0.8,1.45,0.01,0.01,354.14,352.24,355.7,748.34,1.0
"mRatio[136,1,0]",0.65,0.18,0.32,0.99,0.01,0.01,359.6,359.6,345.48,693.27,1.0
"mRatio[137,0,0]",1.1,0.19,0.76,1.47,0.01,0.01,364.52,364.52,363.07,528.87,1.0
"mRatio[137,1,0]",0.73,0.26,0.26,1.21,0.01,0.01,352.78,352.78,354.79,723.97,1.01
"mRatio[138,0,0]",0.64,0.18,0.24,0.94,0.01,0.01,295.98,295.98,325.43,451.57,1.01
"mRatio[138,1,0]",0.5,0.22,0.12,0.94,0.02,0.01,175.26,175.26,174.86,476.84,1.01
"mRatio[139,0,0]",1.05,0.2,0.69,1.42,0.01,0.01,572.03,572.03,564.03,574.28,1.01
"mRatio[139,1,0]",1.04,0.29,0.47,1.57,0.01,0.01,413.43,413.43,408.92,484.85,1.01
"mRatio[140,0,0]",0.93,0.15,0.67,1.21,0.01,0.01,284.29,284.29,284.61,676.11,1.01
"mRatio[140,1,0]",0.67,0.18,0.33,0.98,0.01,0.01,417.59,414.99,425.47,633.63,1.0
"mRatio[141,0,0]",0.75,0.15,0.51,1.05,0.01,0.01,273.7,273.7,360.9,321.22,1.01
"mRatio[141,1,0]",0.5,0.2,0.21,0.93,0.01,0.01,311.67,311.67,328.22,547.41,1.01
"mRatio[142,0,0]",1.2,0.26,0.75,1.71,0.01,0.01,475.32,475.32,459.16,694.26,1.0
"mRatio[142,1,0]",1.28,0.49,0.48,2.22,0.02,0.02,509.17,509.17,506.05,935.56,1.0
"mRatio[143,0,0]",0.93,0.14,0.69,1.2,0.01,0.01,283.41,283.41,279.4,599.49,1.0
"mRatio[143,1,0]",0.93,0.25,0.46,1.41,0.01,0.01,398.37,398.37,390.21,486.83,1.0
"mRatio[144,0,0]",1.27,0.25,0.84,1.78,0.01,0.01,389.11,389.11,392.02,932.38,1.0
"mRatio[144,1,0]",1.05,0.38,0.41,1.75,0.03,0.02,179.34,172.82,195.06,337.57,1.0
"mRatio[145,0,0]",1.03,0.18,0.69,1.36,0.01,0.01,330.88,330.88,326.8,781.71,1.01
"mRatio[145,1,0]",0.6,0.2,0.22,0.96,0.01,0.01,685.83,685.83,663.97,1114.13,1.0
"mRatio[146,0,0]",0.96,0.13,0.71,1.2,0.01,0.01,284.09,280.04,284.42,523.85,1.0
"mRatio[146,1,0]",0.76,0.3,0.27,1.36,0.01,0.01,397.91,397.91,388.66,528.94,1.01
"mRatio[147,0,0]",0.86,0.16,0.59,1.15,0.01,0.01,479.32,479.32,473.6,1236.62,1.0
"mRatio[147,1,0]",0.7,0.3,0.18,1.23,0.02,0.01,371.22,371.22,350.6,596.81,1.0
"mRatio[148,0,0]",0.82,0.18,0.5,1.16,0.01,0.01,358.3,355.52,354.32,544.9,1.01
"mRatio[148,1,0]",0.37,0.11,0.18,0.57,0.0,0.0,638.35,638.35,631.01,989.9,1.0
"mRatio[149,0,0]",1.18,0.26,0.71,1.66,0.01,0.01,408.81,408.24,423.79,644.07,1.01
"mRatio[149,1,0]",0.92,0.44,0.25,1.76,0.03,0.02,264.67,264.67,327.59,426.29,1.01
"mRatio[150,0,0]",1.17,0.19,0.83,1.51,0.01,0.01,350.38,350.38,347.39,657.05,1.0
"mRatio[150,1,0]",2.12,1.17,0.39,4.33,0.07,0.05,262.82,262.82,235.81,597.54,1.0
"mRatio[151,0,0]",0.94,0.14,0.67,1.19,0.01,0.0,428.19,428.19,432.02,1105.94,1.0
"mRatio[151,1,0]",0.7,0.28,0.23,1.23,0.02,0.01,239.82,223.31,265.2,343.77,1.0
"mRatio[152,0,0]",1.12,0.23,0.72,1.56,0.01,0.01,505.24,505.24,495.91,974.34,1.0
"mRatio[152,1,0]",0.9,0.28,0.41,1.44,0.01,0.01,449.3,449.3,449.15,818.78,1.01
"mRatio[153,0,0]",1.01,0.15,0.73,1.3,0.01,0.01,346.64,346.64,353.76,569.92,1.01
"mRatio[153,1,0]",1.01,0.46,0.28,1.84,0.04,0.03,136.68,136.68,158.09,343.64,1.03
"mRatio[154,0,0]",1.07,0.17,0.78,1.43,0.01,0.01,191.79,190.99,194.54,350.02,1.02
"mRatio[154,1,0]",0.78,0.32,0.25,1.34,0.02,0.01,315.27,315.27,330.82,765.91,1.01
"mRatio[155,0,0]",0.81,0.14,0.56,1.07,0.01,0.01,330.82,329.95,329.84,712.95,1.0
"mRatio[155,1,0]",0.68,0.34,0.19,1.27,0.03,0.03,111.55,87.75,198.05,106.39,1.01
"mRatio[156,0,0]",0.97,0.18,0.66,1.32,0.01,0.01,561.67,561.67,555.75,814.64,1.0
"mRatio[156,1,0]",0.76,0.32,0.26,1.38,0.01,0.01,651.22,651.22,625.89,897.0,1.0
"mRatio[157,0,0]",0.97,0.16,0.68,1.29,0.01,0.01,438.52,438.52,440.43,816.1,1.01
"mRatio[157,1,0]",0.7,0.3,0.21,1.24,0.01,0.01,607.06,607.06,458.49,416.01,1.0
"mRatio[158,0,0]",0.77,0.13,0.55,1.03,0.01,0.0,379.83,362.69,380.88,623.62,1.01
"mRatio[158,1,0]",0.49,0.2,0.15,0.84,0.01,0.01,439.64,439.64,426.07,768.99,1.0
"mRatio[159,0,0]",1.0,0.17,0.69,1.32,0.01,0.01,304.98,304.98,304.94,715.97,1.0
"mRatio[159,1,0]",0.5,0.17,0.19,0.82,0.01,0.01,533.27,533.27,508.82,999.59,1.01
"mRatio[160,0,0]",1.04,0.16,0.74,1.35,0.01,0.01,258.35,236.32,279.56,537.43,1.01
"mRatio[160,1,0]",1.13,0.51,0.29,2.09,0.03,0.02,211.39,210.41,218.81,289.72,1.02
"mRatio[161,0,0]",1.0,0.15,0.72,1.29,0.01,0.01,277.93,277.93,275.53,719.38,1.02
"mRatio[161,1,0]",0.79,0.3,0.25,1.33,0.02,0.01,286.6,286.6,267.38,434.01,1.0
"mRatio[162,0,0]",1.13,0.17,0.82,1.47,0.01,0.01,237.57,237.57,239.23,222.83,1.01
"mRatio[162,1,0]",0.89,0.29,0.37,1.44,0.02,0.01,364.92,364.92,341.82,454.68,1.0
"mRatio[163,0,0]",1.07,0.2,0.69,1.44,0.01,0.01,653.11,653.11,641.09,1070.62,1.01
"mRatio[163,1,0]",0.57,0.21,0.23,0.98,0.01,0.01,410.44,410.44,421.7,473.08,1.0
"mRatio[164,0,0]",1.18,0.19,0.85,1.54,0.01,0.01,241.21,241.21,233.12,491.28,1.0
"mRatio[164,1,0]",0.81,0.29,0.3,1.35,0.01,0.01,444.09,444.09,402.85,475.57,1.0
"mRatio[165,0,0]",1.03,0.16,0.75,1.32,0.01,0.01,299.66,292.1,308.5,838.31,1.01
"mRatio[165,1,0]",0.75,0.2,0.38,1.1,0.01,0.01,285.64,273.78,292.57,571.73,1.01
"mRatio[166,0,0]",1.01,0.16,0.7,1.31,0.01,0.01,302.68,299.91,305.08,567.47,1.01
"mRatio[166,1,0]",0.6,0.19,0.24,0.95,0.01,0.01,322.7,322.7,279.28,452.37,1.0
"mRatio[167,0,0]",1.0,0.18,0.66,1.32,0.01,0.01,350.71,336.48,358.22,676.01,1.0
"mRatio[167,1,0]",0.63,0.26,0.19,1.08,0.01,0.01,482.37,482.37,457.47,899.52,1.01
"mRatio[168,0,0]",0.92,0.15,0.64,1.2,0.01,0.01,206.29,206.29,201.94,741.09,1.01
"mRatio[168,1,0]",0.83,0.38,0.25,1.58,0.02,0.02,283.86,283.86,300.5,531.76,1.0
"mRatio[169,0,0]",1.12,0.17,0.8,1.43,0.01,0.01,141.85,141.85,139.56,555.73,1.04
"mRatio[169,1,0]",0.61,0.15,0.34,0.9,0.01,0.01,392.31,392.31,385.67,552.79,1.0
"mRatio[170,0,0]",1.22,0.24,0.78,1.68,0.01,0.01,464.58,464.58,448.5,893.68,1.01
"mRatio[170,1,0]",0.86,0.36,0.25,1.52,0.02,0.01,354.79,354.79,338.05,520.83,1.01
"mRatio[171,0,0]",1.07,0.17,0.75,1.38,0.01,0.01,301.92,301.92,302.0,487.84,1.01
"mRatio[171,1,0]",0.64,0.25,0.22,1.09,0.01,0.01,484.43,484.43,416.39,447.83,1.01
"mRatio[172,0,0]",0.67,0.12,0.47,0.92,0.01,0.01,247.3,247.3,266.14,389.82,1.01
"mRatio[172,1,0]",0.58,0.31,0.16,1.12,0.02,0.01,385.86,344.34,435.41,553.2,1.01
"mRatio[173,0,0]",1.11,0.15,0.83,1.39,0.01,0.01,229.64,218.42,236.67,565.33,1.01
"mRatio[173,1,0]",0.87,0.3,0.37,1.45,0.02,0.01,325.68,325.68,313.84,712.09,1.01
"mRatio[174,0,0]",1.18,0.18,0.83,1.51,0.01,0.01,331.34,331.34,326.56,673.41,1.01
"mRatio[174,1,0]",2.12,1.16,0.43,4.42,0.08,0.06,210.73,210.73,201.3,553.86,1.0
"mRatio[175,0,0]",0.92,0.14,0.66,1.21,0.01,0.01,344.4,344.4,344.72,708.47,1.0
"mRatio[175,1,0]",0.61,0.22,0.24,1.03,0.01,0.01,401.69,401.69,380.4,754.18,1.0
"mRatio[176,0,0]",1.32,0.2,0.96,1.69,0.01,0.01,203.16,203.16,202.37,649.08,1.0
"mRatio[176,1,0]",0.85,0.35,0.29,1.53,0.02,0.01,445.53,445.53,411.74,784.97,1.01
"mRatio[177,0,0]",1.06,0.16,0.78,1.37,0.01,0.01,271.76,271.76,270.22,448.91,1.0
"mRatio[177,1,0]",0.86,0.33,0.3,1.48,0.02,0.01,311.81,311.81,307.32,718.54,1.0
"mRatio[178,0,0]",1.13,0.22,0.76,1.53,0.01,0.01,484.87,484.87,493.8,1166.0,1.01
"mRatio[178,1,0]",0.96,0.25,0.52,1.44,0.01,0.01,322.89,318.54,330.29,798.86,1.0
"mRatio[179,0,0]",1.62,0.85,0.77,3.17,0.13,0.09,40.9,40.9,71.43,58.59,1.02
"mRatio[179,1,0]",1.9,0.38,1.19,2.61,0.02,0.02,303.49,300.43,304.42,889.19,1.0
"mRatio[180,0,0]",0.93,0.14,0.66,1.19,0.01,0.01,197.33,197.33,193.34,128.02,1.01
"mRatio[180,1,0]",1.09,0.44,0.34,1.86,0.03,0.02,238.3,238.3,226.16,613.0,1.0
"mRatio[181,0,0]",1.02,0.2,0.67,1.41,0.01,0.01,489.08,457.66,526.2,1038.23,1.0
"mRatio[181,1,0]",0.64,0.19,0.3,1.0,0.01,0.01,348.12,348.12,366.65,842.0,1.0
"mRatio[182,0,0]",0.83,0.14,0.59,1.09,0.01,0.01,109.5,106.32,110.64,561.68,1.03
"mRatio[182,1,0]",0.53,0.2,0.18,0.9,0.01,0.01,463.08,463.08,474.85,947.3,1.0
"mRatio[183,0,0]",0.98,0.15,0.72,1.27,0.01,0.01,324.05,324.05,324.81,598.26,1.01
"mRatio[183,1,0]",0.77,0.19,0.42,1.13,0.01,0.01,589.7,589.7,577.04,895.12,1.0
"mRatio[184,0,0]",1.3,0.19,0.94,1.65,0.01,0.01,401.26,388.17,402.57,792.34,1.01
"mRatio[184,1,0]",1.18,0.41,0.51,1.96,0.02,0.01,464.11,464.11,469.21,1083.64,1.01
"mRatio[185,0,0]",1.23,0.27,0.76,1.73,0.01,0.01,439.21,387.29,508.46,568.13,1.0
"mRatio[185,1,0]",1.02,0.38,0.38,1.73,0.03,0.02,201.93,195.65,216.28,458.91,1.01
"mRatio[186,0,0]",0.88,0.13,0.65,1.15,0.01,0.0,418.96,418.96,415.83,695.08,1.0
"mRatio[186,1,0]",0.73,0.34,0.21,1.37,0.02,0.01,251.79,251.79,223.96,226.81,1.01
"mRatio[187,0,0]",0.94,0.14,0.67,1.22,0.01,0.0,435.12,435.12,435.67,893.21,1.0
"mRatio[187,1,0]",0.46,0.14,0.21,0.72,0.01,0.01,377.18,377.18,361.02,884.97,1.0
"mRatio[188,0,0]",0.93,0.15,0.65,1.2,0.01,0.01,182.51,182.51,179.62,223.92,1.01
"mRatio[188,1,0]",1.18,0.33,0.59,1.8,0.02,0.01,273.32,273.32,271.03,515.34,1.0
"mRatio[189,0,0]",0.86,0.14,0.62,1.12,0.01,0.01,334.11,331.08,336.53,751.57,1.0
"mRatio[189,1,0]",0.59,0.24,0.21,1.04,0.01,0.01,447.2,427.35,478.1,662.06,1.01
"mRatio[190,0,0]",1.02,0.21,0.63,1.4,0.01,0.01,419.03,419.03,425.43,1053.33,1.01
"mRatio[190,1,0]",0.8,0.33,0.28,1.41,0.02,0.02,217.91,217.91,242.48,503.05,1.01
"mRatio[191,0,0]",0.8,0.12,0.57,1.01,0.01,0.01,281.78,280.89,282.65,746.05,1.01
"mRatio[191,1,0]",0.59,0.22,0.21,1.0,0.01,0.01,446.41,446.41,459.97,728.34,1.0
"mRatio[192,0,0]",0.96,0.14,0.72,1.24,0.01,0.0,412.7,412.7,412.81,640.16,1.0
"mRatio[192,1,0]",0.77,0.34,0.21,1.38,0.02,0.01,339.54,339.54,326.31,667.51,1.02
"mRatio[193,0,0]",1.07,0.15,0.79,1.36,0.01,0.01,184.35,182.76,186.53,361.55,1.01
"mRatio[193,1,0]",1.19,0.34,0.54,1.79,0.02,0.02,201.92,201.92,193.42,297.2,1.02
"mRatio[194,0,0]",1.14,0.23,0.74,1.57,0.01,0.01,345.35,345.35,334.65,610.13,1.01
"mRatio[194,1,0]",0.76,0.21,0.38,1.15,0.01,0.01,373.42,373.42,368.94,528.08,1.0
"mRatio[195,0,0]",0.94,0.15,0.66,1.2,0.01,0.01,258.89,252.7,282.87,720.45,1.01
"mRatio[195,1,0]",0.48,0.15,0.22,0.76,0.01,0.01,370.71,370.71,368.8,735.83,1.02
"mRatio[196,0,0]",0.98,0.16,0.68,1.29,0.01,0.01,307.61,307.61,310.94,577.51,1.01
"mRatio[196,1,0]",0.53,0.15,0.22,0.79,0.01,0.01,152.03,152.03,143.16,92.09,1.02
"mRatio[197,0,0]",1.26,0.21,0.87,1.64,0.01,0.01,450.47,450.47,448.68,522.13,1.0
"mRatio[197,1,0]",1.11,0.3,0.56,1.67,0.02,0.01,377.58,377.58,368.08,872.97,1.0
"mRatio[198,0,0]",0.98,0.16,0.69,1.29,0.01,0.01,368.87,368.72,371.02,721.34,1.01
"mRatio[198,1,0]",0.5,0.13,0.26,0.75,0.01,0.01,236.09,236.09,223.44,288.32,1.01
"mRatio[199,0,0]",1.17,0.17,0.84,1.47,0.01,0.01,282.7,282.7,277.45,525.67,1.01
"mRatio[199,1,0]",1.06,0.24,0.65,1.53,0.02,0.01,249.9,228.67,261.05,478.58,1.01
"mRatio[200,0,0]",0.89,0.14,0.62,1.16,0.01,0.01,307.96,305.22,309.29,594.4,1.0
"mRatio[200,1,0]",0.5,0.17,0.21,0.82,0.01,0.01,549.83,549.83,547.8,1134.09,1.0
"mRatio[201,0,0]",1.26,0.22,0.84,1.66,0.01,0.01,323.9,323.9,326.37,721.18,1.0
"mRatio[201,1,0]",0.94,0.42,0.25,1.73,0.02,0.02,327.02,327.02,312.47,594.72,1.02
"mRatio[202,0,0]",1.17,0.26,0.72,1.66,0.01,0.01,400.76,400.76,411.36,582.0,1.01
"mRatio[202,1,0]",0.74,0.31,0.24,1.32,0.02,0.01,355.89,355.89,364.9,702.62,1.01
